0.128,0.0309
0.13,0.0283
0.132,0.0357
0.134,0.0250
0.136,0.0255
0.138,0.0284
0.14,0.0270
0.142,0.0224
0.144,0.0250
0.146,0.0212
0.148,0.0240
0.15,0.0256
0.152,0.0259
0.154,0.0258
0.156,0.0290
0.158,0.0358
0.16,0.0466
0.162,0.0680
0.164,0.0979
0.166,0.1361
0.168,0.1562
0.17,0.1718
0.172,0.1938
0.174,0.2046
0.176,0.2142
0.178,0.2229
0.18,0.2437
0.182,0.2712
0.184,0.2908
0.186,0.2844
0.188,0.2969
0.19,0.3074
0.192,0.3079
0.194,0.3154
0.196,0.3168
0.198,0.3231
0.2,0.3179
0.202,0.3334
0.204,0.3363
0.206,0.3499
0.208,0.3525
0.21,0.3691
0.212,0.3821
0.214,0.3928
0.216,0.3886
0.218,0.3778
0.22,0.3982
0.222,0.4133
0.224,0.4068
0.226,0.4081
0.228,0.4150
0.23,0.4087
0.232,0.4123
0.234,0.4254
0.236,0.4130
0.238,0.4161
0.24,0.4267
0.242,0.4270
0.244,0.4274
0.246,0.4303
0.248,0.4411
0.25,0.4511
0.252,0.4358
0.254,0.4516
0.256,0.4727
0.258,0.4832
0.26,0.4872
0.262,0.4678
0.264,0.4958
0.266,0.4955
0.268,0.5012
0.27,0.5267
0.272,0.5163
0.274,0.5198
0.276,0.5361
0.278,0.5405
0.28,0.5241
0.282,0.5410
0.284,0.5841
0.286,0.5742
0.288,0.5652
0.29,0.5830
0.292,0.5697
0.294,0.5913
0.296,0.5928
0.298,0.5974
0.3,0.6017
0.302,0.6172
0.304,0.6184
0.306,0.6426
0.308,0.6386
0.31,0.6338
0.312,0.6481
0.314,0.6489
0.316,0.6624
0.318,0.6722
0.32,0.6605
0.322,0.6708
0.324,0.6866
0.326,0.6943
0.328,0.6842
0.33,0.6912
0.332,0.6938
0.334,0.6954
0.336,0.7036
0.338,0.7060
0.34,0.7052
0.342,0.7140
0.344,0.7212
0.346,0.7216
0.348,0.7229
0.350,0.7285
0.351,0.7298
0.352,0.7305
0.353,0.7308
0.354,0.7314
0.355,0.7322
0.356,0.7327
0.357,0.7333
0.358,0.7349
0.359,0.7358
0.360,0.7360
0.361,0.7364
0.362,0.7374
0.363,0.7376
0.364,0.7381
0.365,0.7387
0.366,0.7382
0.367,0.7386
0.368,0.7395
0.369,0.7404
0.370,0.7414
0.371,0.7421
0.372,0.7428
0.373,0.7438
0.374,0.7442
0.375,0.7448
0.376,0.7459
0.377,0.7467
0.378,0.7474
0.379,0.7481
0.380,0.7488
0.381,0.7498
0.382,0.7506
0.383,0.7513
0.384,0.7523
0.385,0.7527
0.386,0.7536
0.387,0.7548
0.388,0.7555
0.389,0.7562
0.390,0.7570
0.391,0.7579
0.392,0.7587
0.393,0.7597
0.394,0.7605
0.395,0.7610
0.396,0.7620
0.397,0.7625
0.398,0.7629
0.399,0.7638
0.400,0.7643
0.401,0.7651
0.402,0.7663
0.403,0.7670
0.404,0.7675
0.405,0.7680
0.406,0.7688
0.407,0.7697
0.408,0.7704
0.409,0.7709
0.410,0.7715
0.411,0.7722
0.412,0.7727
0.413,0.7733
0.414,0.7739
0.415,0.7745
0.416,0.7752
0.417,0.7757
0.418,0.7764
0.419,0.7771
0.420,0.7778
0.421,0.7787
0.422,0.7792
0.423,0.7799
0.424,0.7806
0.425,0.7812
0.426,0.7819
0.427,0.7826
0.428,0.7833
0.429,0.7841
0.430,0.7848
0.431,0.7854
0.432,0.7861
0.433,0.7869
0.434,0.7875
0.435,0.7882
0.436,0.7889
0.437,0.7896
0.438,0.7903
0.439,0.7910
0.440,0.7917
0.441,0.7925
0.442,0.7931
0.443,0.7937
0.444,0.7944
0.445,0.7950
0.446,0.7956
0.447,0.7963
0.448,0.7969
0.449,0.7975
0.450,0.7981
0.451,0.7987
0.452,0.7993
0.453,0.7999
0.454,0.8004
0.455,0.8009
0.456,0.8015
0.457,0.8019
0.458,0.8024
0.459,0.8029
0.460,0.8033
0.461,0.8038
0.462,0.8043
0.463,0.8048
0.464,0.8053
0.465,0.8057
0.466,0.8061
0.467,0.8066
0.468,0.8071
0.469,0.8074
0.470,0.8078
0.471,0.8083
0.472,0.8088
0.473,0.8092
0.474,0.8096
0.475,0.8100
0.476,0.8104
0.477,0.8108
0.478,0.8113
0.479,0.8118
0.480,0.8122
0.481,0.8126
0.482,0.8130
0.483,0.8134
0.484,0.8140
0.485,0.8144
0.486,0.8148
0.487,0.8152
0.488,0.8156
0.489,0.8161
0.490,0.8165
0.491,0.8169
0.492,0.8173
0.493,0.8178
0.494,0.8181
0.495,0.8186
0.496,0.8190
0.497,0.8194
0.498,0.8199
0.499,0.8203
0.500,0.8207
0.501,0.8211
0.502,0.8215
0.503,0.8220
0.504,0.8224
0.505,0.8228
0.506,0.8232
0.507,0.8236
0.508,0.8240
0.509,0.8244
0.510,0.8248
0.511,0.8252
0.512,0.8256
0.513,0.8260
0.514,0.8265
0.515,0.8269
0.516,0.8273
0.517,0.8277
0.518,0.8281
0.519,0.8285
0.520,0.8288
0.521,0.8292
0.522,0.8296
0.523,0.8300
0.524,0.8304
0.525,0.8307
0.526,0.8311
0.527,0.8314
0.528,0.8318
0.529,0.8322
0.530,0.8325
0.531,0.8329
0.532,0.8332
0.533,0.8335
0.534,0.8339
0.535,0.8342
0.536,0.8346
0.537,0.8349
0.538,0.8353
0.539,0.8356
0.540,0.8359
0.541,0.8363
0.542,0.8366
0.543,0.8369
0.544,0.8372
0.545,0.8375
0.546,0.8378
0.547,0.8381
0.548,0.8385
0.549,0.8388
0.550,0.8391
0.551,0.8394
0.552,0.8396
0.553,0.8399
0.554,0.8402
0.555,0.8405
0.556,0.8407
0.557,0.8410
0.558,0.8413
0.559,0.8416
0.560,0.8419
0.561,0.8421
0.562,0.8424
0.563,0.8427
0.564,0.8429
0.565,0.8432
0.566,0.8435
0.567,0.8437
0.568,0.8440
0.569,0.8442
0.570,0.8444
0.571,0.8446
0.572,0.8448
0.573,0.8450
0.574,0.8452
0.575,0.8454
0.576,0.8456
0.577,0.8458
0.578,0.8460
0.579,0.8461
0.580,0.8463
0.581,0.8465
0.582,0.8467
0.583,0.8469
0.584,0.8471
0.585,0.8474
0.586,0.8476
0.587,0.8478
0.588,0.8479
0.589,0.8482
0.590,0.8484
0.591,0.8486
0.592,0.8488
0.593,0.8491
0.594,0.8493
0.595,0.8494
0.596,0.8496
0.597,0.8497
0.598,0.8498
0.599,0.8500
0.600,0.8501
0.601,0.8503
0.602,0.8504
0.603,0.8506
0.604,0.8507
0.605,0.8509
0.606,0.8511
0.607,0.8513
0.608,0.8515
0.609,0.8517
0.610,0.8519
0.611,0.8520
0.612,0.8522
0.613,0.8523
0.614,0.8524
0.615,0.8526
0.616,0.8527
0.617,0.8528
0.618,0.8530
0.619,0.8531
0.620,0.8533
0.621,0.8534
0.622,0.8535
0.623,0.8537
0.624,0.8538
0.625,0.8539
0.626,0.8541
0.627,0.8542
0.628,0.8543
0.629,0.8545
0.630,0.8546
0.631,0.8547
0.632,0.8548
0.633,0.8550
0.634,0.8551
0.635,0.8552
0.636,0.8554
0.637,0.8555
0.638,0.8557
0.639,0.8558
0.640,0.8559
0.641,0.8560
0.642,0.8561
0.643,0.8563
0.644,0.8564
0.645,0.8565
0.646,0.8566
0.647,0.8567
0.648,0.8568
0.649,0.8569
0.650,0.8571
0.651,0.8572
0.652,0.8572
0.653,0.8573
0.654,0.8575
0.655,0.8576
0.656,0.8577
0.657,0.8578
0.658,0.8579
0.659,0.8580
0.660,0.8581
0.661,0.8582
0.662,0.8584
0.663,0.8585
0.664,0.8586
0.665,0.8587
0.666,0.8588
0.667,0.8589
0.668,0.8590
0.669,0.8591
0.670,0.8592
0.671,0.8592
0.672,0.8593
0.673,0.8594
0.674,0.8595
0.675,0.8596
0.676,0.8597
0.677,0.8598
0.678,0.8599
0.679,0.8600
0.680,0.8601
0.681,0.8602
0.682,0.8603
0.683,0.8604
0.684,0.8605
0.685,0.8606
0.686,0.8607
0.687,0.8608
0.688,0.8609
0.689,0.8610
0.690,0.8611
0.691,0.8612
0.692,0.8613
0.693,0.8614
0.694,0.8615
0.695,0.8616
0.696,0.8617
0.697,0.8618
0.698,0.8619
0.699,0.8619
0.700,0.8620
0.701,0.8622
0.702,0.8622
0.703,0.8623
0.704,0.8624
0.705,0.8625
0.706,0.8625
0.707,0.8626
0.708,0.8627
0.709,0.8628
0.710,0.8628
0.711,0.8629
0.712,0.8629
0.713,0.8630
0.714,0.8631
0.715,0.8632
0.716,0.8633
0.717,0.8633
0.718,0.8634
0.719,0.8635
0.720,0.8635
0.721,0.8636
0.722,0.8636
0.723,0.8637
0.724,0.8637
0.725,0.8638
0.726,0.8639
0.727,0.8639
0.728,0.8640
0.729,0.8640
0.730,0.8641
0.731,0.8641
0.732,0.8641
0.733,0.8642
0.734,0.8642
0.735,0.8643
0.736,0.8643
0.737,0.8644
0.738,0.8644
0.739,0.8645
0.740,0.8646
0.741,0.8646
0.742,0.8646
0.743,0.8647
0.744,0.8647
0.745,0.8648
0.746,0.8649
0.747,0.8649
0.748,0.8649
0.749,0.8650
0.750,0.8651
0.751,0.8652
0.752,0.8652
0.753,0.8653
0.754,0.8654
0.755,0.8654
0.756,0.8654
0.757,0.8655
0.758,0.8655
0.759,0.8656
0.760,0.8656
0.761,0.8657
0.762,0.8657
0.763,0.8658
0.764,0.8658
0.765,0.8659
0.766,0.8659
0.767,0.8660
0.768,0.8660
0.769,0.8661
0.770,0.8661
0.771,0.8661
0.772,0.8661
0.773,0.8662
0.774,0.8662
0.775,0.8662
0.776,0.8663
0.777,0.8663
0.778,0.8664
0.779,0.8664
0.780,0.8664
0.781,0.8665
0.782,0.8665
0.783,0.8665
0.784,0.8665
0.785,0.8666
0.786,0.8666
0.787,0.8666
0.788,0.8666
0.789,0.8666
0.790,0.8666
0.791,0.8666
0.792,0.8666
0.793,0.8667
0.794,0.8667
0.795,0.8667
0.796,0.8668
0.797,0.8668
0.798,0.8668
0.799,0.8668
0.800,0.8668
0.801,0.8669
0.802,0.8669
0.803,0.8669
0.804,0.8670
0.805,0.8670
0.806,0.8670
0.807,0.8671
0.808,0.8672
0.809,0.8672
0.810,0.8673
0.811,0.8673
0.812,0.8674
0.813,0.8674
0.814,0.8674
0.815,0.8675
0.816,0.8675
0.817,0.8676
0.818,0.8676
0.819,0.8677
0.820,0.8677
0.821,0.8678
0.822,0.8678
0.823,0.8679
0.824,0.8679
0.825,0.8680
0.826,0.8680
0.827,0.8680
0.828,0.8681
0.829,0.8681
0.830,0.8681
0.831,0.8682
0.832,0.8682
0.833,0.8683
0.834,0.8683
0.835,0.8683
0.836,0.8683
0.837,0.8683
0.838,0.8684
0.839,0.8684
0.840,0.8685
0.841,0.8685
0.842,0.8686
0.843,0.8686
0.844,0.8686
0.845,0.8687
0.846,0.8687
0.847,0.8687
0.848,0.8687
0.849,0.8687
0.850,0.8688
0.851,0.8688
0.852,0.8688
0.853,0.8688
0.854,0.8688
0.855,0.8689
0.856,0.8689
0.857,0.8690
0.858,0.8690
0.859,0.8690
0.860,0.8690
0.861,0.8690
0.862,0.8690
0.863,0.8691
0.864,0.8691
0.865,0.8691
0.866,0.8691
0.867,0.8692
0.868,0.8692
0.869,0.8692
0.870,0.8692
0.871,0.8692
0.872,0.8692
0.873,0.8692
0.874,0.8693
0.875,0.8693
0.876,0.8693
0.877,0.8694
0.878,0.8694
0.879,0.8694
0.880,0.8694
0.881,0.8695
0.882,0.8695
0.883,0.8695
0.884,0.8695
0.885,0.8695
0.886,0.8695
0.887,0.8695
0.888,0.8695
0.889,0.8695
0.890,0.8695
0.891,0.8695
0.892,0.8695
0.893,0.8695
0.894,0.8695
0.895,0.8695
0.896,0.8695
0.897,0.8695
0.898,0.8696
0.899,0.8696
0.900,0.8696
0.901,0.8696
0.902,0.8696
0.903,0.8696
0.904,0.8696
0.905,0.8696
0.906,0.8696
0.907,0.8696
0.908,0.8696
0.909,0.8696
0.910,0.8696
0.911,0.8696
0.912,0.8697
0.913,0.8697
0.914,0.8697
0.915,0.8697
0.916,0.8697
0.917,0.8697
0.918,0.8697
0.919,0.8697
0.920,0.8697
0.921,0.8697
0.922,0.8698
0.923,0.8698
0.924,0.8698
0.925,0.8698
0.926,0.8698
0.927,0.8698
0.928,0.8698
0.929,0.8698
0.930,0.8698
0.931,0.8698
0.932,0.8698
0.933,0.8698
0.934,0.8698
0.935,0.8698
0.936,0.8698
0.937,0.8698
0.938,0.8698
0.939,0.8698
0.940,0.8699
0.941,0.8699
0.942,0.8699
0.943,0.8699
0.944,0.8699
0.945,0.8699
0.946,0.8700
0.947,0.8699
0.948,0.8699
0.949,0.8699
0.950,0.8699
0.951,0.8700
0.952,0.8699
0.953,0.8699
0.954,0.8699
0.955,0.8699
0.956,0.8699
0.957,0.8699
0.958,0.8699
0.959,0.8698
0.960,0.8698
0.961,0.8698
0.962,0.8698
0.963,0.8698
0.964,0.8698
0.965,0.8698
0.966,0.8698
0.967,0.8698
0.968,0.8698
0.969,0.8698
0.970,0.8699
0.971,0.8699
0.972,0.8699
0.973,0.8699
0.974,0.8699
0.975,0.8699
0.976,0.8699
0.977,0.8700
0.978,0.8700
0.979,0.8700
0.980,0.8700
0.981,0.8701
0.982,0.8702
0.983,0.8702
0.984,0.8701
0.985,0.8702
0.986,0.8703
0.987,0.8703
0.988,0.8703
0.989,0.8703
0.990,0.8703
0.991,0.8703
0.992,0.8703
0.993,0.8702
0.994,0.8703
0.995,0.8703
0.996,0.8703
0.997,0.8703
0.998,0.8704
0.999,0.8704
1.000,0.8704
1.001,0.8704
1.002,0.8704
1.003,0.8704
1.004,0.8703
1.005,0.8703
1.006,0.8703
1.007,0.8702
1.008,0.8703
1.009,0.8703
1.010,0.8703
1.011,0.8704
1.012,0.8704
1.013,0.8703
1.014,0.8704
1.015,0.8704
1.016,0.8704
1.017,0.8704
1.018,0.8704
1.019,0.8704
1.020,0.8704
1.021,0.8705
1.022,0.8705
1.023,0.8706
1.024,0.8706
1.025,0.8706
1.026,0.8706
1.027,0.8706
1.028,0.8706
1.029,0.8707
1.030,0.8707
1.031,0.8708
1.032,0.8708
1.033,0.8708
1.034,0.8708
1.035,0.8708
1.036,0.8708
1.037,0.8708
1.038,0.8708
1.039,0.8707
1.040,0.8707
1.041,0.8707
1.042,0.8707
1.043,0.8707
1.044,0.8707
1.045,0.8708
1.046,0.8707
1.047,0.8707
1.048,0.8708
1.049,0.8707
1.050,0.8707
1.051,0.8708
1.052,0.8708
1.053,0.8708
1.054,0.8708
1.055,0.8708
1.056,0.8708
1.057,0.8708
1.058,0.8709
1.059,0.8709
1.060,0.8709
1.061,0.8709
1.062,0.8709
1.063,0.8710
1.064,0.8711
1.065,0.8711
1.066,0.8712
1.067,0.8712
1.068,0.8713
1.069,0.8713
1.070,0.8714
1.071,0.8715
1.072,0.8715
1.073,0.8715
1.074,0.8715
1.075,0.8715
1.076,0.8716
1.077,0.8716
1.078,0.8716
1.079,0.8716
1.080,0.8716
1.081,0.8717
1.082,0.8717
1.083,0.8717
1.084,0.8718
1.085,0.8718
1.086,0.8718
1.087,0.8718
1.088,0.8718
1.089,0.8719
1.090,0.8719
1.091,0.8719
1.092,0.8720
1.093,0.8720
1.094,0.8720
1.095,0.8721
1.096,0.8721
1.097,0.8722
1.098,0.8722
1.099,0.8723
1.100,0.8723
1.101,0.8724
1.102,0.8724
1.103,0.8725
1.104,0.8725
1.105,0.8726
1.106,0.8726
1.107,0.8727
1.108,0.8727
1.109,0.8728
1.110,0.8728
1.111,0.8728
1.112,0.8728
1.113,0.8728
1.114,0.8728
1.115,0.8729
1.116,0.8729
1.117,0.8729
1.118,0.8729
1.119,0.8729
1.120,0.8729
1.121,0.8729
1.122,0.8729
1.123,0.8729
1.124,0.8729
1.125,0.8728
1.126,0.8728
1.127,0.8728
1.128,0.8728
1.129,0.8728
1.130,0.8728
1.131,0.8728
1.132,0.8728
1.133,0.8728
1.134,0.8728
1.135,0.8728
1.136,0.8728
1.137,0.8729
1.138,0.8729
1.139,0.8729
1.140,0.8729
1.141,0.8729
1.142,0.8729
1.143,0.8729
1.144,0.8730
1.145,0.8730
1.146,0.8730
1.147,0.8730
1.148,0.8730
1.149,0.8730
1.150,0.8730
1.151,0.8729
1.152,0.8729
1.153,0.8729
1.154,0.8729
1.155,0.8729
1.156,0.8728
1.157,0.8728
1.158,0.8728
1.159,0.8728
1.160,0.8728
1.161,0.8728
1.162,0.8728
1.163,0.8728
1.164,0.8729
1.165,0.8728
1.166,0.8728
1.167,0.8727
1.168,0.8727
1.169,0.8727
1.170,0.8726
1.171,0.8726
1.172,0.8726
1.173,0.8725
1.174,0.8725
1.175,0.8725
1.176,0.8725
1.177,0.8724
1.178,0.8724
1.179,0.8724
1.180,0.8724
1.181,0.8724
1.182,0.8724
1.183,0.8724
1.184,0.8724
1.185,0.8724
1.186,0.8724
1.187,0.8724
1.188,0.8725
1.189,0.8725
1.190,0.8725
1.191,0.8726
1.192,0.8726
1.193,0.8726
1.194,0.8727
1.195,0.8727
1.196,0.8727
1.197,0.8728
1.198,0.8728
1.199,0.8728
1.200,0.8728
1.201,0.8728
1.202,0.8728
1.203,0.8728
1.204,0.8728
1.205,0.8728
1.206,0.8728
1.207,0.8729
1.208,0.8729
1.209,0.8730
1.210,0.8730
1.211,0.8730
1.212,0.8731
1.213,0.8731
1.214,0.8732
1.215,0.8732
1.216,0.8733
1.217,0.8733
1.218,0.8734
1.219,0.8734
1.220,0.8735
1.221,0.8735
1.222,0.8736
1.223,0.8736
1.224,0.8737
1.225,0.8737
1.226,0.8738
1.227,0.8738
1.228,0.8739
1.229,0.8740
1.230,0.8740
1.231,0.8740
1.232,0.8741
1.233,0.8741
1.234,0.8741
1.235,0.8741
1.236,0.8741
1.237,0.8741
1.238,0.8742
1.239,0.8742
1.240,0.8742
1.241,0.8742
1.242,0.8743
1.243,0.8743
1.244,0.8742
1.245,0.8742
1.246,0.8742
1.247,0.8743
1.248,0.8743
1.249,0.8743
1.250,0.8743
1.251,0.8743
1.252,0.8743
1.253,0.8743
1.254,0.8743
1.255,0.8744
1.256,0.8744
1.257,0.8744
1.258,0.8745
1.259,0.8745
1.260,0.8745
1.261,0.8746
1.262,0.8746
1.263,0.8747
1.264,0.8747
1.265,0.8747
1.266,0.8747
1.267,0.8747
1.268,0.8747
1.269,0.8747
1.270,0.8746
1.271,0.8746
1.272,0.8745
1.273,0.8745
1.274,0.8745
1.275,0.8744
1.276,0.8744
1.277,0.8744
1.278,0.8744
1.279,0.8743
1.280,0.8743
1.281,0.8743
1.282,0.8742
1.283,0.8741
1.284,0.8741
1.285,0.8740
1.286,0.8739
1.287,0.8739
1.288,0.8738
1.289,0.8739
1.290,0.8739
1.291,0.8739
1.292,0.8739
1.293,0.8740
1.294,0.8740
1.295,0.8740
1.296,0.8740
1.297,0.8741
1.298,0.8742
1.299,0.8742
1.300,0.8743
1.301,0.8743
1.302,0.8744
1.303,0.8744
1.304,0.8744
1.305,0.8745
1.306,0.8745
1.307,0.8745
1.308,0.8745
1.309,0.8746
1.310,0.8746
1.311,0.8747
1.312,0.8747
1.313,0.8748
1.314,0.8748
1.315,0.8747
1.316,0.8747
1.317,0.8747
1.318,0.8746
1.319,0.8746
1.320,0.8746
1.321,0.8746
1.322,0.8745
1.323,0.8745
1.324,0.8745
1.325,0.8744
1.326,0.8744
1.327,0.8744
1.328,0.8743
1.329,0.8743
1.330,0.8742
1.331,0.8742
1.332,0.8742
1.333,0.8741
1.334,0.8741
1.335,0.8741
1.336,0.8741
1.337,0.8741
1.338,0.8741
1.339,0.8742
1.340,0.8742
1.341,0.8742
1.342,0.8743
1.343,0.8743
1.344,0.8743
1.345,0.8743
1.346,0.8743
1.347,0.8743
1.348,0.8743
1.349,0.8743
1.350,0.8743
1.351,0.8743
1.352,0.8743
1.353,0.8743
1.354,0.8743
1.355,0.8742
1.356,0.8742
1.357,0.8742
1.358,0.8741
1.359,0.8741
1.360,0.8741
1.361,0.8741
1.362,0.8740
1.363,0.8740
1.364,0.8740
1.365,0.8740
1.366,0.8740
1.367,0.8739
1.368,0.8738
1.369,0.8738
1.370,0.8737
1.371,0.8737
1.372,0.8736
1.373,0.8736
1.374,0.8736
1.375,0.8735
1.376,0.8735
1.377,0.8734
1.378,0.8734
1.379,0.8733
1.380,0.8732
1.381,0.8730
1.382,0.8729
1.383,0.8728
1.384,0.8726
1.385,0.8724
1.386,0.8722
1.387,0.8719
1.388,0.8716
1.389,0.8712
1.390,0.8708
1.391,0.8703
1.392,0.8697
1.393,0.8691
1.394,0.8684
1.395,0.8677
1.396,0.8670
1.397,0.8662
1.398,0.8655
1.399,0.8648
1.400,0.8641
1.401,0.8635
1.402,0.8628
1.403,0.8622
1.404,0.8616
1.405,0.8611
1.406,0.8605
1.407,0.8601
1.408,0.8596
1.409,0.8592
1.410,0.8589
1.411,0.8586
1.412,0.8586
1.413,0.8587
1.414,0.8589
1.415,0.8594
1.416,0.8599
1.417,0.8606
1.418,0.8613
1.419,0.8620
1.420,0.8627
1.421,0.8633
1.422,0.8639
1.423,0.8644
1.424,0.8648
1.425,0.8652
1.426,0.8656
1.427,0.8659
1.428,0.8662
1.429,0.8665
1.430,0.8667
1.431,0.8669
1.432,0.8671
1.433,0.8673
1.434,0.8675
1.435,0.8676
1.436,0.8678
1.437,0.8679
1.438,0.8680
1.439,0.8681
1.440,0.8682
1.441,0.8682
1.442,0.8683
1.443,0.8683
1.444,0.8684
1.445,0.8684
1.446,0.8685
1.447,0.8686
1.448,0.8686
1.449,0.8687
1.450,0.8688
1.451,0.8688
1.452,0.8689
1.453,0.8689
1.454,0.8690
1.455,0.8690
1.456,0.8691
1.457,0.8692
1.458,0.8692
1.459,0.8693
1.460,0.8693
1.461,0.8694
1.462,0.8695
1.463,0.8696
1.464,0.8696
1.465,0.8697
1.466,0.8698
1.467,0.8699
1.468,0.8700
1.469,0.8701
1.470,0.8702
1.471,0.8703
1.472,0.8704
1.473,0.8705
1.474,0.8706
1.475,0.8707
1.476,0.8708
1.477,0.8709
1.478,0.8710
1.479,0.8711
1.480,0.8712
1.481,0.8713
1.482,0.8714
1.483,0.8715
1.484,0.8716
1.485,0.8717
1.486,0.8718
1.487,0.8719
1.488,0.8720
1.489,0.8721
1.490,0.8722
1.491,0.8723
1.492,0.8724
1.493,0.8725
1.494,0.8726
1.495,0.8727
1.496,0.8728
1.497,0.8729
1.498,0.8730
1.499,0.8731
1.500,0.8732
1.501,0.8733
1.502,0.8734
1.503,0.8735
1.504,0.8736
1.505,0.8737
1.506,0.8738
1.507,0.8739
1.508,0.8740
1.509,0.8741
1.510,0.8742
1.511,0.8743
1.512,0.8743
1.513,0.8744
1.514,0.8744
1.515,0.8745
1.516,0.8746
1.517,0.8746
1.518,0.8747
1.519,0.8747
1.520,0.8748
1.521,0.8748
1.522,0.8749
1.523,0.8750
1.524,0.8750
1.525,0.8751
1.526,0.8751
1.527,0.8752
1.528,0.8752
1.529,0.8753
1.530,0.8753
1.531,0.8754
1.532,0.8755
1.533,0.8755
1.534,0.8756
1.535,0.8756
1.536,0.8757
1.537,0.8757
1.538,0.8758
1.539,0.8759
1.540,0.8759
1.541,0.8760
1.542,0.8761
1.543,0.8761
1.544,0.8761
1.545,0.8762
1.546,0.8762
1.547,0.8763
1.548,0.8763
1.549,0.8764
1.550,0.8765
1.551,0.8765
1.552,0.8765
1.553,0.8765
1.554,0.8765
1.555,0.8766
1.556,0.8766
1.557,0.8766
1.558,0.8767
1.559,0.8767
1.560,0.8767
1.561,0.8767
1.562,0.8767
1.563,0.8768
1.564,0.8768
1.565,0.8768
1.566,0.8768
1.567,0.8768
1.568,0.8769
1.569,0.8769
1.570,0.8770
1.571,0.8770
1.572,0.8771
1.573,0.8771
1.574,0.8772
1.575,0.8772
1.576,0.8773
1.577,0.8773
1.578,0.8774
1.579,0.8774
1.580,0.8775
1.581,0.8775
1.582,0.8776
1.583,0.8776
1.584,0.8777
1.585,0.8777
1.586,0.8777
1.587,0.8777
1.588,0.8777
1.589,0.8778
1.590,0.8778
1.591,0.8778
1.592,0.8779
1.593,0.8779
1.594,0.8779
1.595,0.8779
1.596,0.8779
1.597,0.8779
1.598,0.8779
1.599,0.8779
1.600,0.8779
1.601,0.8780
1.602,0.8780
1.603,0.8780
1.604,0.8780
1.605,0.8780
1.606,0.8781
1.607,0.8781
1.608,0.8781
1.609,0.8782
1.610,0.8782
1.611,0.8783
1.612,0.8783
1.613,0.8784
1.614,0.8784
1.615,0.8784
1.616,0.8784
1.617,0.8784
1.618,0.8783
1.619,0.8783
1.620,0.8783
1.621,0.8782
1.622,0.8782
1.623,0.8782
1.624,0.8782
1.625,0.8782
1.626,0.8782
1.627,0.8782
1.628,0.8782
1.629,0.8781
1.630,0.8781
1.631,0.8780
1.632,0.8780
1.633,0.8780
1.634,0.8779
1.635,0.8779
1.636,0.8779
1.637,0.8779
1.638,0.8779
1.639,0.8779
1.640,0.8779
1.641,0.8780
1.642,0.8780
1.643,0.8780
1.644,0.8780
1.645,0.8780
1.646,0.8780
1.647,0.8780
1.648,0.8780
1.649,0.8781
1.650,0.8781
1.651,0.8781
1.652,0.8782
1.653,0.8782
1.654,0.8782
1.655,0.8782
1.656,0.8783
1.657,0.8783
1.658,0.8783
1.659,0.8782
1.660,0.8782
1.661,0.8782
1.662,0.8782
1.663,0.8783
1.664,0.8783
1.665,0.8783
1.666,0.8782
1.667,0.8782
1.668,0.8782
1.669,0.8782
1.670,0.8781
1.671,0.8781
1.672,0.8781
1.673,0.8781
1.674,0.8781
1.675,0.8780
1.676,0.8780
1.677,0.8780
1.678,0.8779
1.679,0.8779
1.680,0.8778
1.681,0.8778
1.682,0.8778
1.683,0.8777
1.684,0.8777
1.685,0.8776
1.686,0.8776
1.687,0.8775
1.688,0.8775
1.689,0.8775
1.690,0.8775
1.691,0.8775
1.692,0.8775
1.693,0.8775
1.694,0.8775
1.695,0.8775
1.696,0.8775
1.697,0.8776
1.698,0.8776
1.699,0.8776
1.700,0.8776
1.701,0.8776
1.702,0.8776
1.703,0.8776
1.704,0.8776
1.705,0.8776
1.706,0.8776
1.707,0.8776
1.708,0.8777
1.709,0.8777
1.710,0.8777
1.711,0.8777
1.712,0.8777
1.713,0.8777
1.714,0.8777
1.715,0.8776
1.716,0.8776
1.717,0.8776
1.718,0.8776
1.719,0.8776
1.720,0.8776
1.721,0.8775
1.722,0.8775
1.723,0.8775
1.724,0.8774
1.725,0.8774
1.726,0.8774
1.727,0.8774
1.728,0.8774
1.729,0.8775
1.730,0.8775
1.731,0.8775
1.732,0.8775
1.733,0.8775
1.734,0.8775
1.735,0.8775
1.736,0.8775
1.737,0.8776
1.738,0.8776
1.739,0.8776
1.740,0.8776
1.741,0.8776
1.742,0.8775
1.743,0.8775
1.744,0.8775
1.745,0.8775
1.746,0.8774
1.747,0.8774
1.748,0.8773
1.749,0.8772
1.750,0.8771
1.751,0.8771
1.752,0.8771
1.753,0.8770
1.754,0.8770
1.755,0.8770
1.756,0.8770
1.757,0.8769
1.758,0.8769
1.759,0.8769
1.760,0.8769
1.761,0.8769
1.762,0.8769
1.763,0.8769
1.764,0.8769
1.765,0.8770
1.766,0.8770
1.767,0.8770
1.768,0.8770
1.769,0.8770
1.770,0.8770
1.771,0.8770
1.772,0.8770
1.773,0.8770
1.774,0.8770
1.775,0.8770
1.776,0.8770
1.777,0.8769
1.778,0.8769
1.779,0.8769
1.780,0.8770
1.781,0.8770
1.782,0.8770
1.783,0.8770
1.784,0.8770
1.785,0.8770
1.786,0.8769
1.787,0.8769
1.788,0.8768
1.789,0.8768
1.790,0.8768
1.791,0.8768
1.792,0.8768
1.793,0.8769
1.794,0.8769
1.795,0.8770
1.796,0.8770
1.797,0.8770
1.798,0.8770
1.799,0.8770
1.800,0.8769
1.8003,0.87714
1.8009,0.87706
1.8016,0.87701
1.8022,0.87684
1.8028,0.87683
1.8034,0.87714
1.8041,0.87732
1.8047,0.87713
1.8053,0.87684
1.8060,0.87674
1.8066,0.87685
1.8072,0.87697
1.8078,0.87681
1.8085,0.87646
1.8091,0.87631
1.8097,0.87651
1.8104,0.87678
1.8110,0.87688
1.8116,0.87693
1.8123,0.87695
1.8129,0.87696
1.8135,0.87693
1.8142,0.87675
1.8148,0.87656
1.8154,0.87656
1.8161,0.87669
1.8167,0.87687
1.8174,0.87702
1.8180,0.87705
1.8186,0.87702
1.8193,0.87698
1.8199,0.87684
1.8205,0.87674
1.8212,0.87685
1.8218,0.87704
1.8225,0.87712
1.8231,0.87688
1.8237,0.87641
1.8244,0.87624
1.8250,0.87638
1.8257,0.87639
1.8263,0.87628
1.8270,0.87629
1.8276,0.87636
1.8282,0.87654
1.8289,0.87688
1.8295,0.87708
1.8302,0.87695
1.8308,0.87673
1.8315,0.87668
1.8321,0.87672
1.8328,0.87680
1.8334,0.87685
1.8341,0.87668
1.8347,0.87647
1.8354,0.87650
1.8360,0.87662
1.8367,0.87657
1.8373,0.87644
1.8380,0.87642
1.8386,0.87646
1.8393,0.87639
1.8399,0.87631
1.8406,0.87648
1.8412,0.87678
1.8419,0.87679
1.8425,0.87643
1.8432,0.87621
1.8439,0.87647
1.8445,0.87680
1.8452,0.87672
1.8458,0.87644
1.8465,0.87640
1.8471,0.87657
1.8478,0.87666
1.8485,0.87666
1.8491,0.87663
1.8498,0.87649
1.8504,0.87636
1.8511,0.87640
1.8518,0.87626
1.8524,0.87592
1.8531,0.87582
1.8537,0.87602
1.8544,0.87626
1.8551,0.87648
1.8557,0.87658
1.8564,0.87650
1.8571,0.87625
1.8577,0.87599
1.8584,0.87590
1.8591,0.87592
1.8597,0.87591
1.8604,0.87580
1.8611,0.87561
1.8617,0.87541
1.8624,0.87534
1.8631,0.87534
1.8637,0.87534
1.8644,0.87537
1.8651,0.87549
1.8657,0.87554
1.8664,0.87524
1.8671,0.87479
1.8678,0.87474
1.8684,0.87496
1.8691,0.87496
1.8698,0.87474
1.8705,0.87446
1.8711,0.87426
1.8718,0.87430
1.8725,0.87442
1.8732,0.87434
1.8738,0.87410
1.8745,0.87379
1.8752,0.87347
1.8759,0.87325
1.8766,0.87315
1.8772,0.87312
1.8779,0.87295
1.8786,0.87251
1.8793,0.87189
1.8800,0.87133
1.8806,0.87111
1.8813,0.87119
1.8820,0.87124
1.8827,0.87102
1.8834,0.87053
1.8841,0.86992
1.8847,0.86926
1.8854,0.86858
1.8861,0.86800
1.8868,0.86767
1.8875,0.86744
1.8882,0.86707
1.8889,0.86654
1.8895,0.86593
1.8902,0.86534
1.8909,0.86477
1.8916,0.86412
1.8923,0.86336
1.8930,0.86262
1.8937,0.86192
1.8944,0.86125
1.8951,0.86058
1.8958,0.85994
1.8965,0.85936
1.8971,0.85876
1.8978,0.85812
1.8985,0.85746
1.8992,0.85685
1.8999,0.85635
1.9006,0.85580
1.9013,0.85506
1.9020,0.85433
1.9027,0.85373
1.9034,0.85317
1.9041,0.85268
1.9048,0.85226
1.9055,0.85177
1.9062,0.85104
1.9069,0.85022
1.9076,0.84960
1.9083,0.84911
1.9090,0.84859
1.9097,0.84824
1.9104,0.84809
1.9111,0.84786
1.9118,0.84760
1.9125,0.84744
1.9133,0.84720
1.9140,0.84683
1.9147,0.84654
1.9154,0.84641
1.9161,0.84622
1.9168,0.84599
1.9175,0.84580
1.9182,0.84565
1.9189,0.84553
1.9196,0.84547
1.9203,0.84542
1.9210,0.84524
1.9218,0.84495
1.9225,0.84486
1.9232,0.84502
1.9239,0.84524
1.9246,0.84540
1.9253,0.84543
1.9260,0.84529
1.9268,0.84518
1.9275,0.84525
1.9282,0.84529
1.9289,0.84514
1.9296,0.84495
1.9303,0.84504
1.9311,0.84527
1.9318,0.84545
1.9325,0.84564
1.9332,0.84581
1.9339,0.84584
1.9347,0.84587
1.9354,0.84599
1.9361,0.84604
1.9368,0.84602
1.9376,0.84611
1.9383,0.84629
1.9390,0.84643
1.9397,0.84655
1.9405,0.84661
1.9412,0.84669
1.9419,0.84691
1.9426,0.84715
1.9434,0.84744
1.9441,0.84784
1.9448,0.84803
1.9456,0.84791
1.9463,0.84786
1.9470,0.84801
1.9477,0.84815
1.9485,0.84815
1.9492,0.84814
1.9499,0.84829
1.9507,0.84859
1.9514,0.84888
1.9521,0.84911
1.9529,0.84928
1.9536,0.84933
1.9544,0.84939
1.9551,0.84961
1.9558,0.84993
1.9566,0.85013
1.9573,0.85006
1.9580,0.84998
1.9588,0.85027
1.9595,0.85067
1.9603,0.85073
1.9610,0.85055
1.9618,0.85058
1.9625,0.85087
1.9632,0.85125
1.9640,0.85167
1.9647,0.85202
1.9655,0.85213
1.9662,0.85203
1.9670,0.85193
1.9677,0.85201
1.9685,0.85225
1.9692,0.85237
1.9700,0.85232
1.9707,0.85236
1.9714,0.85265
1.9722,0.85298
1.9729,0.85315
1.9737,0.85327
1.9745,0.85341
1.9752,0.85369
1.9760,0.85409
1.9767,0.85440
1.9775,0.85469
1.9782,0.85500
1.9790,0.85524
1.9797,0.85539
1.9805,0.85553
1.9812,0.85566
1.9820,0.85576
1.9828,0.85586
1.9835,0.85606
1.9843,0.85638
1.9850,0.85661
1.9858,0.85677
1.9866,0.85696
1.9873,0.85705
1.9881,0.85703
1.9888,0.85700
1.9896,0.85700
1.9904,0.85718
1.9911,0.85749
1.9919,0.85779
1.9927,0.85804
1.9934,0.85823
1.9942,0.85836
1.9950,0.85853
1.9957,0.85872
1.9965,0.85888
1.9973,0.85904
1.9980,0.85926
1.9988,0.85957
1.9996,0.85984
2.0004,0.85995
2.0011,0.86004
2.0019,0.86017
2.0027,0.86032
2.0034,0.86058
2.0042,0.86083
2.0050,0.86089
2.0058,0.86085
2.0065,0.86091
2.0073,0.86112
2.0081,0.86136
2.0089,0.86150
2.0097,0.86160
2.0104,0.86178
2.0112,0.86199
2.0120,0.86218
2.0128,0.86232
2.0136,0.86226
2.0143,0.86211
2.0151,0.86208
2.0159,0.86221
2.0167,0.86247
2.0175,0.86277
2.0183,0.86300
2.0190,0.86323
2.0198,0.86350
2.0206,0.86358
2.0214,0.86348
2.0222,0.86352
2.0230,0.86384
2.0238,0.86415
2.0246,0.86422
2.0254,0.86414
2.0261,0.86413
2.0269,0.86425
2.0277,0.86450
2.0285,0.86482
2.0293,0.86505
2.0301,0.86513
2.0309,0.86516
2.0317,0.86512
2.0325,0.86503
2.0333,0.86509
2.0341,0.86525
2.0349,0.86531
2.0357,0.86535
2.0365,0.86543
2.0373,0.86544
2.0381,0.86550
2.0389,0.86573
2.0397,0.86604
2.0405,0.86612
2.0413,0.86591
2.0421,0.86578
2.0429,0.86599
2.0437,0.86627
2.0445,0.86636
2.0453,0.86625
2.0461,0.86607
2.0469,0.86595
2.0478,0.86606
2.0486,0.86621
2.0494,0.86606
2.0502,0.86579
2.0510,0.86582
2.0518,0.86618
2.0526,0.86650
2.0534,0.86660
2.0542,0.86662
2.0551,0.86672
2.0559,0.86680
2.0567,0.86668
2.0575,0.86655
2.0583,0.86662
2.0591,0.86671
2.0600,0.86681
2.0608,0.86698
2.0616,0.86708
2.0624,0.86709
2.0632,0.86710
2.0641,0.86701
2.0649,0.86684
2.0657,0.86674
2.0665,0.86678
2.0673,0.86698
2.0682,0.86718
2.0690,0.86718
2.0698,0.86706
2.0707,0.86706
2.0715,0.86722
2.0723,0.86741
2.0731,0.86755
2.0740,0.86763
2.0748,0.86768
2.0756,0.86773
2.0765,0.86776
2.0773,0.86771
2.0781,0.86767
2.0790,0.86770
2.0798,0.86770
2.0806,0.86762
2.0815,0.86763
2.0823,0.86772
2.0831,0.86775
2.0840,0.86768
2.0848,0.86761
2.0856,0.86756
2.0865,0.86756
2.0873,0.86770
2.0882,0.86782
2.0890,0.86773
2.0898,0.86760
2.0907,0.86764
2.0915,0.86785
2.0924,0.86810
2.0932,0.86817
2.0941,0.86803
2.0949,0.86781
2.0958,0.86758
2.0966,0.86744
2.0975,0.86744
2.0983,0.86751
2.0992,0.86757
2.1000,0.86744
2.1009,0.86724
2.1017,0.86724
2.1026,0.86737
2.1034,0.86738
2.1043,0.86723
2.1051,0.86713
2.1060,0.86721
2.1068,0.86731
2.1077,0.86733
2.1085,0.86730
2.1094,0.86724
2.1103,0.86719
2.1111,0.86720
2.1120,0.86717
2.1128,0.86716
2.1137,0.86724
2.1146,0.86730
2.1154,0.86727
2.1163,0.86725
2.1172,0.86724
2.1180,0.86717
2.1189,0.86711
2.1198,0.86710
2.1206,0.86705
2.1215,0.86701
2.1224,0.86698
2.1232,0.86690
2.1241,0.86677
2.1250,0.86673
2.1258,0.86685
2.1267,0.86706
2.1276,0.86717
2.1285,0.86703
2.1293,0.86675
2.1302,0.86667
2.1311,0.86680
2.1320,0.86691
2.1328,0.86692
2.1337,0.86687
2.1346,0.86670
2.1355,0.86649
2.1363,0.86644
2.1372,0.86657
2.1381,0.86664
2.1390,0.86661
2.1399,0.86659
2.1408,0.86669
2.1416,0.86678
2.1425,0.86677
2.1434,0.86669
2.1443,0.86661
2.1452,0.86662
2.1461,0.86668
2.1470,0.86661
2.1478,0.86637
2.1487,0.86618
2.1496,0.86607
2.1505,0.86596
2.1514,0.86586
2.1523,0.86565
2.1532,0.86536
2.1541,0.86519
2.1550,0.86508
2.1559,0.86491
2.1568,0.86483
2.1577,0.86486
2.1586,0.86490
2.1595,0.86479
2.1604,0.86450
2.1613,0.86417
2.1622,0.86392
2.1631,0.86373
2.1640,0.86346
2.1649,0.86310
2.1658,0.86284
2.1667,0.86278
2.1676,0.86270
2.1685,0.86247
2.1694,0.86216
2.1703,0.86182
2.1712,0.86140
2.1721,0.86101
2.1731,0.86072
2.1740,0.86037
2.1749,0.85984
2.1758,0.85926
2.1767,0.85879
2.1776,0.85838
2.1785,0.85782
2.1794,0.85717
2.1804,0.85651
2.1813,0.85581
2.1822,0.85503
2.1831,0.85424
2.1840,0.85355
2.1850,0.85290
2.1859,0.85223
2.1868,0.85154
2.1877,0.85081
2.1886,0.85009
2.1896,0.84947
2.1905,0.84887
2.1914,0.84813
2.1924,0.84743
2.1933,0.84703
2.1942,0.84676
2.1951,0.84639
2.1961,0.84598
2.1970,0.84568
2.1979,0.84561
2.1989,0.84572
2.1998,0.84578
2.2007,0.84578
2.2017,0.84583
2.2026,0.84606
2.2035,0.84646
2.2045,0.84681
2.2054,0.84696
2.2063,0.84702
2.2073,0.84716
2.2082,0.84749
2.2092,0.84794
2.2101,0.84838
2.2110,0.84881
2.2120,0.84934
2.2129,0.84996
2.2139,0.85047
2.2148,0.85086
2.2158,0.85131
2.2167,0.85188
2.2177,0.85246
2.2186,0.85285
2.2196,0.85308
2.2205,0.85330
2.2215,0.85363
2.2224,0.85403
2.2234,0.85438
2.2243,0.85456
2.2253,0.85470
2.2262,0.85500
2.2272,0.85546
2.2282,0.85582
2.2291,0.85603
2.2301,0.85625
2.2310,0.85643
2.2320,0.85644
2.2329,0.85639
2.2339,0.85643
2.2349,0.85650
2.2358,0.85652
2.2368,0.85650
2.2378,0.85642
2.2387,0.85629
2.2397,0.85620
2.2407,0.85622
2.2416,0.85632
2.2426,0.85639
2.2436,0.85639
2.2445,0.85634
2.2455,0.85627
2.2465,0.85622
2.2475,0.85618
2.2484,0.85615
2.2494,0.85608
2.2504,0.85590
2.2514,0.85574
2.2523,0.85575
2.2533,0.85584
2.2543,0.85592
2.2553,0.85596
2.2563,0.85589
2.2573,0.85579
2.2582,0.85570
2.2592,0.85563
2.2602,0.85566
2.2612,0.85579
2.2622,0.85595
2.2632,0.85591
2.2642,0.85565
2.2651,0.85546
2.2661,0.85540
2.2671,0.85531
2.2681,0.85516
2.2691,0.85504
2.2701,0.85496
2.2711,0.85490
2.2721,0.85486
2.2731,0.85486
2.2741,0.85491
2.2751,0.85492
2.2761,0.85483
2.2771,0.85480
2.2781,0.85487
2.2791,0.85479
2.2801,0.85458
2.2811,0.85440
2.2821,0.85430
2.2831,0.85427
2.2841,0.85422
2.2851,0.85407
2.2861,0.85382
2.2871,0.85360
2.2881,0.85352
2.2891,0.85348
2.2902,0.85332
2.2912,0.85311
2.2922,0.85297
2.2932,0.85283
2.2942,0.85263
2.2952,0.85248
2.2962,0.85233
2.2973,0.85213
2.2983,0.85195
2.2993,0.85185
2.3003,0.85181
2.3013,0.85170
2.3024,0.85144
2.3034,0.85116
2.3044,0.85099
2.3054,0.85091
2.3065,0.85079
2.3075,0.85066
2.3085,0.85063
2.3095,0.85070
2.3106,0.85080
2.3116,0.85074
2.3126,0.85050
2.3137,0.85035
2.3147,0.85036
2.3157,0.85035
2.3168,0.85024
2.3178,0.85010
2.3188,0.84997
2.3199,0.84987
2.3209,0.84985
2.3219,0.84991
2.3230,0.84994
2.3240,0.84983
2.3251,0.84965
2.3261,0.84947
2.3272,0.84921
2.3282,0.84889
2.3292,0.84864
2.3303,0.84844
2.3313,0.84821
2.3324,0.84797
2.3334,0.84773
2.3345,0.84751
2.3355,0.84733
2.3366,0.84706
2.3377,0.84668
2.3387,0.84639
2.3398,0.84630
2.3408,0.84625
2.3419,0.84610
2.3429,0.84586
2.3440,0.84565
2.3451,0.84542
2.3461,0.84517
2.3472,0.84506
2.3482,0.84514
2.3493,0.84520
2.3504,0.84518
2.3514,0.84515
2.3525,0.84518
2.3536,0.84527
2.3546,0.84534
2.3557,0.84538
2.3568,0.84553
2.3578,0.84588
2.3589,0.84614
2.3600,0.84605
2.3611,0.84588
2.3621,0.84595
2.3632,0.84604
2.3643,0.84597
2.3654,0.84588
2.3665,0.84588
2.3675,0.84593
2.3686,0.84596
2.3697,0.84585
2.3708,0.84563
2.3719,0.84546
2.3730,0.84543
2.3740,0.84534
2.3751,0.84509
2.3762,0.84485
2.3773,0.84472
2.3784,0.84466
2.3795,0.84466
2.3806,0.84468
2.3817,0.84469
2.3828,0.84467
2.3839,0.84458
2.3850,0.84446
2.3861,0.84435
2.3872,0.84427
2.3883,0.84426
2.3894,0.84420
2.3905,0.84405
2.3916,0.84393
2.3927,0.84384
2.3938,0.84367
2.3949,0.84346
2.3960,0.84317
2.3971,0.84277
2.3982,0.84246
2.3993,0.84232
2.4004,0.84222
2.4015,0.84207
2.4026,0.84191
2.4038,0.84169
2.4049,0.84135
2.4060,0.84096
2.4071,0.84065
2.4082,0.84041
2.4093,0.84008
2.4105,0.83966
2.4116,0.83931
2.4127,0.83904
2.4138,0.83879
2.4150,0.83856
2.4161,0.83826
2.4172,0.83786
2.4183,0.83749
2.4195,0.83719
2.4206,0.83691
2.4217,0.83658
2.4229,0.83615
2.4240,0.83568
2.4251,0.83529
2.4263,0.83495
2.4274,0.83461
2.4285,0.83426
2.4297,0.83393
2.4308,0.83363
2.4319,0.83330
2.4331,0.83289
2.4342,0.83242
2.4354,0.83207
2.4365,0.83185
2.4377,0.83167
2.4388,0.83145
2.4400,0.83121
2.4411,0.83102
2.4423,0.83085
2.4434,0.83064
2.4446,0.83043
2.4457,0.83021
2.4469,0.82998
2.4480,0.82973
2.4492,0.82946
2.4503,0.82928
2.4515,0.82917
2.4527,0.82902
2.4538,0.82875
2.4550,0.82845
2.4561,0.82823
2.4573,0.82813
2.4585,0.82808
2.4596,0.82798
2.4608,0.82782
2.4620,0.82770
2.4631,0.82761
2.4643,0.82751
2.4655,0.82739
2.4667,0.82729
2.4678,0.82726
2.4690,0.82720
2.4702,0.82707
2.4714,0.82698
2.4725,0.82694
2.4737,0.82688
2.4749,0.82677
2.4761,0.82658
2.4773,0.82644
2.4784,0.82635
2.4796,0.82619
2.4808,0.82601
2.4820,0.82587
2.4832,0.82577
2.4844,0.82572
2.4856,0.82566
2.4868,0.82557
2.4880,0.82547
2.4892,0.82532
2.4904,0.82512
2.4915,0.82494
2.4927,0.82478
2.4939,0.82459
2.4951,0.82450
2.4963,0.82460
2.4975,0.82471
2.4988,0.82466
2.5000,0.82454
2.5012,0.82449
2.5024,0.82447
2.5036,0.82443
2.5048,0.82436
2.5060,0.82434
2.5072,0.82436
2.5084,0.82432
2.5096,0.82427
2.5109,0.82425
2.5121,0.82420
2.5133,0.82418
2.5145,0.82421
2.5157,0.82431
2.5169,0.82448
2.5182,0.82456
2.5194,0.82455
2.5206,0.82460
2.5218,0.82473
2.5231,0.82480
2.5243,0.82481
2.5255,0.82480
2.5268,0.82476
2.5280,0.82469
2.5292,0.82467
2.5305,0.82471
2.5317,0.82469
2.5329,0.82453
2.5342,0.82442
2.5354,0.82453
2.5366,0.82470
2.5379,0.82474
2.5391,0.82473
2.5404,0.82479
2.5416,0.82487
2.5429,0.82487
2.5441,0.82483
2.5454,0.82486
2.5466,0.82493
2.5479,0.82490
2.5491,0.82477
2.5504,0.82464
2.5516,0.82461
2.5529,0.82461
2.5541,0.82451
2.5554,0.82436
2.5567,0.82439
2.5579,0.82451
2.5592,0.82456
2.5604,0.82463
2.5617,0.82474
2.5630,0.82473
2.5642,0.82458
2.5655,0.82437
2.5668,0.82417
2.5681,0.82404
2.5693,0.82393
2.5706,0.82379
2.5719,0.82375
2.5732,0.82385
2.5744,0.82389
2.5757,0.82380
2.5770,0.82377
2.5783,0.82373
2.5796,0.82352
2.5808,0.82333
2.5821,0.82322
2.5834,0.82308
2.5847,0.82299
2.5860,0.82293
2.5873,0.82285
2.5886,0.82269
2.5899,0.82247
2.5912,0.82229
2.5925,0.82222
2.5938,0.82216
2.5950,0.82198
2.5963,0.82154
2.5977,0.82098
2.5990,0.82058
2.6003,0.82032
2.6016,0.82002
2.6029,0.81978
2.6042,0.81965
2.6055,0.81951
2.6068,0.81928
2.6081,0.81905
2.6094,0.81884
2.6107,0.81859
2.6120,0.81834
2.6134,0.81805
2.6147,0.81767
2.6160,0.81740
2.6173,0.81729
2.6186,0.81712
2.6200,0.81685
2.6213,0.81653
2.6226,0.81612
2.6239,0.81576
2.6253,0.81555
2.6266,0.81541
2.6279,0.81517
2.6293,0.81479
2.6306,0.81442
2.6319,0.81410
2.6333,0.81369
2.6346,0.81318
2.6359,0.81264
2.6373,0.81214
2.6386,0.81164
2.6400,0.81111
2.6413,0.81056
2.6427,0.80998
2.6440,0.80931
2.6454,0.80862
2.6467,0.80793
2.6481,0.80716
2.6494,0.80629
2.6508,0.80552
2.6521,0.80491
2.6535,0.80421
2.6548,0.80342
2.6562,0.80266
2.6576,0.80172
2.6589,0.80059
2.6603,0.79949
2.6617,0.79846
2.6630,0.79742
2.6644,0.79632
2.6658,0.79520
2.6671,0.79399
2.6685,0.79251
2.6699,0.79083
2.6713,0.78906
2.6726,0.78714
2.6740,0.78517
2.6754,0.78329
2.6768,0.78143
2.6782,0.77946
2.6795,0.77729
2.6809,0.77490
2.6823,0.77226
2.6837,0.76937
2.6851,0.76628
2.6865,0.76300
2.6879,0.75942
2.6893,0.75533
2.6907,0.75077
2.6921,0.74584
2.6935,0.74061
2.6949,0.73512
2.6963,0.72935
2.6977,0.72313
2.6991,0.71634
2.7005,0.70906
2.7019,0.70149
2.7033,0.69386
2.7047,0.68644
2.7061,0.67942
2.7075,0.67277
2.7089,0.66600
2.7104,0.65847
2.7118,0.64989
2.7132,0.64028
2.7146,0.62968
2.7160,0.61819
2.7175,0.60599
2.7189,0.59323
2.7203,0.58000
2.7217,0.56650
2.7232,0.55321
2.7246,0.54036
2.7260,0.52801
2.7275,0.51639
2.7289,0.50561
2.7303,0.49566
2.7318,0.48670
2.7332,0.47882
2.7347,0.47187
2.7361,0.46546
2.7375,0.45938
2.7390,0.45364
2.7404,0.44814
2.7419,0.44273
2.7433,0.43756
2.7448,0.43278
2.7462,0.42830
2.7477,0.42384
2.7492,0.41911
2.7506,0.41397
2.7521,0.40865
2.7535,0.40386
2.7550,0.40022
2.7565,0.39781
2.7579,0.39648
2.7594,0.39611
2.7609,0.39659
2.7623,0.39789
2.7638,0.39999
2.7653,0.40267
2.7668,0.40562
2.7682,0.40856
2.7697,0.41141
2.7712,0.41425
2.7727,0.41700
2.7742,0.41951
2.7756,0.42173
2.7771,0.42368
2.7786,0.42531
2.7801,0.42657
2.7816,0.42759
2.7831,0.42846
2.7846,0.42910
2.7861,0.42953
2.7876,0.42979
2.7891,0.42980
2.7906,0.42950
2.7921,0.42901
2.7936,0.42846
2.7951,0.42790
2.7966,0.42719
2.7981,0.42621
2.7996,0.42506
2.8011,0.42391
2.8027,0.42274
2.8042,0.42144
2.8057,0.41999
2.8072,0.41854
2.8087,0.41720
2.8102,0.41593
2.8118,0.41462
2.8133,0.41327
2.8148,0.41187
2.8164,0.41043
2.8179,0.40901
2.8194,0.40764
2.8210,0.40621
2.8225,0.40466
2.8240,0.40306
2.8256,0.40145
2.8271,0.39994
2.8286,0.39863
2.8302,0.39729
2.8317,0.39585
2.8333,0.39449
2.8348,0.39319
2.8364,0.39193
2.8379,0.39066
2.8395,0.38924
2.8410,0.38778
2.8426,0.38647
2.8442,0.38524
2.8457,0.38393
2.8473,0.38258
2.8489,0.38130
2.8504,0.38008
2.8520,0.37886
2.8536,0.37764
2.8551,0.37641
2.8567,0.37521
2.8583,0.37414
2.8599,0.37320
2.8614,0.37226
2.8630,0.37124
2.8646,0.37018
2.8662,0.36911
2.8678,0.36804
2.8693,0.36701
2.8709,0.36605
2.8725,0.36515
2.8741,0.36428
2.8757,0.36338
2.8773,0.36248
2.8789,0.36161
2.8805,0.36081
2.8821,0.36002
2.8837,0.35916
2.8853,0.35826
2.8869,0.35740
2.8885,0.35661
2.8901,0.35588
2.8918,0.35513
2.8934,0.35442
2.8950,0.35377
2.8966,0.35316
2.8982,0.35267
2.8998,0.35224
2.9015,0.35175
2.9031,0.35116
2.9047,0.35052
2.9063,0.34991
2.9080,0.34940
2.9096,0.34895
2.9112,0.34851
2.9129,0.34810
2.9145,0.34779
2.9161,0.34760
2.9178,0.34737
2.9194,0.34700
2.9211,0.34657
2.9227,0.34624
2.9244,0.34606
2.9260,0.34599
2.9277,0.34593
2.9293,0.34587
2.9310,0.34587
2.9326,0.34597
2.9343,0.34608
2.9360,0.34616
2.9376,0.34620
2.9393,0.34623
2.9410,0.34623
2.9426,0.34622
2.9443,0.34625
2.9460,0.34640
2.9476,0.34665
2.9493,0.34690
2.9510,0.34711
2.9527,0.34733
2.9544,0.34763
2.9560,0.34802
2.9577,0.34845
2.9594,0.34881
2.9611,0.34915
2.9628,0.34958
2.9645,0.35011
2.9662,0.35070
2.9679,0.35130
2.9696,0.35185
2.9713,0.35241
2.9730,0.35303
2.9747,0.35364
2.9764,0.35415
2.9781,0.35467
2.9798,0.35531
2.9815,0.35606
2.9833,0.35671
2.9850,0.35720
2.9867,0.35775
2.9884,0.35837
2.9901,0.35899
2.9919,0.35960
2.9936,0.36022
2.9953,0.36087
2.9971,0.36158
2.9988,0.36232
3.0005,0.36308
3.0023,0.36383
3.0040,0.36449
3.0057,0.36505
3.0075,0.36567
3.0092,0.36637
3.0110,0.36697
3.0127,0.36749
3.0145,0.36805
3.0162,0.36861
3.0180,0.36914
3.0197,0.36974
3.0215,0.37046
3.0233,0.37118
3.0250,0.37177
3.0268,0.37222
3.0286,0.37267
3.0303,0.37327
3.0321,0.37396
3.0339,0.37463
3.0357,0.37526
3.0374,0.37585
3.0392,0.37645
3.0410,0.37713
3.0428,0.37780
3.0446,0.37843
3.0464,0.37911
3.0482,0.37984
3.0499,0.38058
3.0517,0.38131
3.0535,0.38199
3.0553,0.38266
3.0571,0.38336
3.0589,0.38410
3.0607,0.38486
3.0626,0.38567
3.0644,0.38658
3.0662,0.38752
3.0680,0.38837
3.0698,0.38920
3.0716,0.39006
3.0734,0.39096
3.0753,0.39188
3.0771,0.39281
3.0789,0.39370
3.0808,0.39459
3.0826,0.39560
3.0844,0.39676
3.0863,0.39795
3.0881,0.39912
3.0899,0.40027
3.0918,0.40132
3.0936,0.40229
3.0955,0.40336
3.0973,0.40456
3.0992,0.40578
3.1010,0.40703
3.1029,0.40839
3.1047,0.40979
3.1066,0.41118
3.1085,0.41259
3.1103,0.41400
3.1122,0.41539
3.1141,0.41681
3.1159,0.41828
3.1178,0.41971
3.1197,0.42110
3.1216,0.42257
3.1234,0.42421
3.1253,0.42590
3.1272,0.42754
3.1291,0.42917
3.1310,0.43079
3.1329,0.43237
3.1348,0.43392
3.1367,0.43549
3.1386,0.43706
3.1405,0.43857
3.1424,0.44007
3.1443,0.44171
3.1462,0.44344
3.1481,0.44512
3.1500,0.44674
3.1519,0.44837
3.1538,0.44996
3.1558,0.45163
3.1577,0.45344
3.1596,0.45526
3.1615,0.45699
3.1635,0.45868
3.1654,0.46031
3.1673,0.46192
3.1693,0.46361
3.1712,0.46537
3.1731,0.46712
3.1751,0.46885
3.1770,0.47060
3.1790,0.47232
3.1809,0.47396
3.1829,0.47562
3.1848,0.47737
3.1868,0.47915
3.1888,0.48087
3.1907,0.48253
3.1927,0.48416
3.1946,0.48584
3.1966,0.48754
3.1986,0.48922
3.2006,0.49098
3.2025,0.49282
3.2045,0.49462
3.2065,0.49635
3.2085,0.49798
3.2105,0.49949
3.2125,0.50101
3.2145,0.50264
3.2164,0.50424
3.2184,0.50569
3.2204,0.50712
3.2224,0.50855
3.2244,0.50992
3.2265,0.51129
3.2285,0.51279
3.2305,0.51436
3.2325,0.51582
3.2345,0.51713
3.2365,0.51838
3.2385,0.51968
3.2406,0.52104
3.2426,0.52242
3.2446,0.52382
3.2467,0.52528
3.2487,0.52683
3.2507,0.52843
3.2528,0.53002
3.2548,0.53153
3.2569,0.53310
3.2589,0.53472
3.2609,0.53627
3.2630,0.53774
3.2651,0.53923
3.2671,0.54074
3.2692,0.54224
3.2712,0.54367
3.2733,0.54507
3.2754,0.54653
3.2774,0.54798
3.2795,0.54933
3.2816,0.55069
3.2837,0.55213
3.2857,0.55351
3.2878,0.55472
3.2899,0.55585
3.2920,0.55693
3.2941,0.55800
3.2962,0.55916
3.2983,0.56037
3.3004,0.56147
3.3025,0.56244
3.3046,0.56334
3.3067,0.56426
3.3088,0.56520
3.3109,0.56619
3.3130,0.56722
3.3152,0.56833
3.3173,0.56941
3.3194,0.57033
3.3215,0.57119
3.3237,0.57206
3.3258,0.57280
3.3279,0.57341
3.3301,0.57403
3.3322,0.57466
3.3343,0.57520
3.3365,0.57565
3.3386,0.57600
3.3408,0.57611
3.3429,0.57593
3.3451,0.57562
3.3473,0.57544
3.3494,0.57547
3.3516,0.57562
3.3538,0.57568
3.3559,0.57551
3.3581,0.57511
3.3603,0.57445
3.3625,0.57354
3.3646,0.57233
3.3668,0.57083
3.3690,0.56930
3.3712,0.56817
3.3734,0.56766
3.3756,0.56780
3.3778,0.56866
3.3800,0.57020
3.3822,0.57218
3.3844,0.57426
3.3866,0.57617
3.3888,0.57771
3.3910,0.57863
3.3933,0.57880
3.3955,0.57826
3.3977,0.57717
3.3999,0.57569
3.4022,0.57392
3.4044,0.57202
3.4066,0.57011
3.4089,0.56825
3.4111,0.56663
3.4134,0.56558
3.4156,0.56541
3.4179,0.56642
3.4201,0.56873
3.4224,0.57216
3.4246,0.57632
3.4269,0.58072
3.4292,0.58501
3.4314,0.58897
3.4337,0.59244
3.4360,0.59545
3.4383,0.59814
3.4406,0.60057
3.4428,0.60280
3.4451,0.60492
3.4474,0.60697
3.4497,0.60890
3.4520,0.61061
3.4543,0.61219
3.4566,0.61368
3.4589,0.61502
3.4612,0.61611
3.4635,0.61695
3.4658,0.61746
3.4682,0.61758
3.4705,0.61749
3.4728,0.61753
3.4751,0.61781
3.4775,0.61828
3.4798,0.61885
3.4821,0.61949
3.4845,0.62019
3.4868,0.62075
3.4892,0.62089
3.4915,0.62059
3.4939,0.61991
3.4962,0.61899
3.4986,0.61831
3.5010,0.61861
3.5033,0.62030
3.5057,0.62338
3.5081,0.62760
3.5104,0.63246
3.5128,0.63738
3.5152,0.64195
3.5176,0.64605
3.5200,0.64967
3.5224,0.65285
3.5248,0.65562
3.5271,0.65800
3.5296,0.66000
3.5320,0.66171
3.5344,0.66329
3.5368,0.66483
3.5392,0.66630
3.5416,0.66765
3.5440,0.66881
3.5464,0.66985
3.5489,0.67092
3.5513,0.67206
3.5537,0.67323
3.5562,0.67438
3.5586,0.67544
3.5611,0.67644
3.5635,0.67743
3.5660,0.67850
3.5684,0.67959
3.5709,0.68055
3.5733,0.68138
3.5758,0.68221
3.5783,0.68305
3.5807,0.68382
3.5832,0.68453
3.5857,0.68523
3.5882,0.68590
3.5907,0.68656
3.5931,0.68728
3.5956,0.68800
3.5981,0.68864
3.6006,0.68922
3.6031,0.68983
3.6056,0.69046
3.6081,0.69112
3.6107,0.69180
3.6132,0.69245
3.6157,0.69305
3.6182,0.69365
3.6207,0.69421
3.6233,0.69479
3.6258,0.69542
3.6283,0.69592
3.6309,0.69627
3.6334,0.69664
3.6360,0.69706
3.6385,0.69752
3.6411,0.69801
3.6436,0.69847
3.6462,0.69890
3.6488,0.69934
3.6513,0.69975
3.6539,0.70005
3.6565,0.70031
3.6591,0.70060
3.6617,0.70094
3.6642,0.70137
3.6668,0.70184
3.6694,0.70226
3.6720,0.70258
3.6746,0.70287
3.6772,0.70317
3.6799,0.70349
3.6825,0.70384
3.6851,0.70420
3.6877,0.70451
3.6903,0.70479
3.6930,0.70512
3.6956,0.70552
3.6982,0.70591
3.7009,0.70620
3.7035,0.70645
3.7062,0.70669
3.7088,0.70688
3.7115,0.70704
3.7141,0.70721
3.7168,0.70743
3.7194,0.70767
3.7221,0.70786
3.7248,0.70797
3.7275,0.70799
3.7302,0.70799
3.7328,0.70807
3.7355,0.70822
3.7382,0.70837
3.7409,0.70851
3.7436,0.70866
3.7463,0.70885
3.7490,0.70908
3.7517,0.70923
3.7545,0.70918
3.7572,0.70907
3.7599,0.70905
3.7626,0.70902
3.7654,0.70884
3.7681,0.70865
3.7708,0.70854
3.7736,0.70840
3.7763,0.70814
3.7791,0.70779
3.7818,0.70743
3.7846,0.70715
3.7874,0.70688
3.7901,0.70643
3.7929,0.70590
3.7957,0.70542
3.7985,0.70502
3.8013,0.70455
3.8040,0.70390
3.8068,0.70324
3.8096,0.70281
3.8124,0.70254
3.8152,0.70226
3.8180,0.70199
3.8209,0.70174
3.8237,0.70148
3.8265,0.70126
3.8293,0.70110
3.8322,0.70108
3.8350,0.70121
3.8378,0.70144
3.8407,0.70170
3.8435,0.70188
3.8464,0.70190
3.8492,0.70185
3.8521,0.70183
3.8550,0.70183
3.8578,0.70175
3.8607,0.70152
3.8636,0.70108
3.8665,0.70050
3.8693,0.69992
3.8722,0.69947
3.8751,0.69914
3.8780,0.69882
3.8809,0.69847
3.8838,0.69808
3.8867,0.69772
3.8897,0.69745
3.8926,0.69723
3.8955,0.69708
3.8984,0.69696
3.9014,0.69674
3.9043,0.69640
3.9072,0.69607
3.9102,0.69567
3.9131,0.69501
3.9161,0.69413
3.9191,0.69324
3.9220,0.69244
3.9250,0.69163
3.9280,0.69076
3.9309,0.68988
3.9339,0.68902
3.9369,0.68815
3.9399,0.68721
3.9429,0.68608
3.9459,0.68479
3.9489,0.68342
3.9519,0.68211
3.9549,0.68093
3.9579,0.67989
3.9610,0.67893
3.9640,0.67802
3.9670,0.67721
3.9701,0.67652
3.9731,0.67593
3.9762,0.67548
3.9792,0.67532
3.9823,0.67549
3.9853,0.67595
3.9884,0.67675
3.9915,0.67791
3.9945,0.67924
3.9976,0.68058
4.0007,0.68194
4.0038,0.68336
4.0069,0.68479
4.0100,0.68610
4.0131,0.68719
4.0162,0.68809
4.0193,0.68890
4.0224,0.68960
4.0256,0.69023
4.0287,0.69090
4.0318,0.69157
4.0349,0.69214
4.0381,0.69265
4.0412,0.69312
4.0444,0.69350
4.0475,0.69385
4.0507,0.69417
4.0539,0.69446
4.0570,0.69468
4.0602,0.69477
4.0634,0.69471
4.0666,0.69460
4.0698,0.69452
4.0730,0.69444
4.0762,0.69427
4.0794,0.69403
4.0826,0.69375
4.0858,0.69349
4.0890,0.69327
4.0923,0.69299
4.0955,0.69256
4.0987,0.69210
4.1020,0.69172
4.1052,0.69136
4.1085,0.69091
4.1117,0.69044
4.1150,0.68998
4.1183,0.68938
4.1215,0.68866
4.1248,0.68798
4.1281,0.68736
4.1314,0.68679
4.1347,0.68623
4.1380,0.68555
4.1413,0.68473
4.1446,0.68399
4.1479,0.68331
4.1512,0.68252
4.1546,0.68155
4.1579,0.68055
4.1612,0.67965
4.1646,0.67883
4.1679,0.67793
4.1713,0.67691
4.1746,0.67578
4.1780,0.67447
4.1814,0.67307
4.1848,0.67164
4.1881,0.67009
4.1915,0.66842
4.1949,0.66662
4.1983,0.66464
4.2017,0.66243
4.2051,0.65996
4.2085,0.65719
4.2119,0.65410
4.2154,0.65067
4.2188,0.64680
4.2222,0.64249
4.2257,0.63780
4.2291,0.63278
4.2326,0.62749
4.2360,0.62194
4.2395,0.61611
4.2430,0.60990
4.2464,0.60305
4.2499,0.59512
4.2534,0.58567
4.2569,0.57431
4.2604,0.56160
4.2639,0.55038
4.2674,0.54521
4.2709,0.54858
4.2745,0.55799
4.2780,0.56844
4.2815,0.57684
4.2850,0.58285
4.2886,0.58721
4.2921,0.59052
4.2957,0.59307
4.2993,0.59514
4.3028,0.59692
4.3064,0.59832
4.3100,0.59923
4.3136,0.59972
4.3172,0.59986
4.3208,0.59967
4.3244,0.59914
4.3280,0.59836
4.3316,0.59741
4.3352,0.59634
4.3388,0.59517
4.3425,0.59389
4.3461,0.59249
4.3498,0.59100
4.3534,0.58944
4.3571,0.58786
4.3607,0.58630
4.3644,0.58469
4.3681,0.58296
4.3718,0.58115
4.3755,0.57922
4.3791,0.57710
4.3828,0.57483
4.3866,0.57253
4.3903,0.57031
4.3940,0.56833
4.3977,0.56654
4.4015,0.56477
4.4052,0.56301
4.4089,0.56133
4.4127,0.55973
4.4164,0.55814
4.4202,0.55655
4.4240,0.55506
4.4278,0.55372
4.4315,0.55249
4.4353,0.55133
4.4391,0.55016
4.4429,0.54887
4.4467,0.54742
4.4506,0.54577
4.4544,0.54393
4.4582,0.54192
4.4621,0.53982
4.4659,0.53762
4.4697,0.53531
4.4736,0.53294
4.4775,0.53054
4.4813,0.52807
4.4852,0.52547
4.4891,0.52276
4.4930,0.51998
4.4969,0.51717
4.5008,0.51441
4.5047,0.51178
4.5086,0.50925
4.5125,0.50671
4.5165,0.50420
4.5204,0.50171
4.5244,0.49920
4.5283,0.49674
4.5323,0.49440
4.5362,0.49219
4.5402,0.49010
4.5442,0.48809
4.5482,0.48608
4.5522,0.48405
4.5562,0.48196
4.5602,0.47978
4.5642,0.47751
4.5682,0.47521
4.5722,0.47304
4.5763,0.47093
4.5803,0.46870
4.5844,0.46643
4.5884,0.46421
4.5925,0.46196
4.5966,0.45959
4.6006,0.45706
4.6047,0.45436
4.6088,0.45152
4.6129,0.44841
4.6170,0.44494
4.6211,0.44122
4.6253,0.43728
4.6294,0.43310
4.6335,0.42882
4.6377,0.42476
4.6418,0.42115
4.6460,0.41814
4.6501,0.41581
4.6543,0.41405
4.6585,0.41269
4.6627,0.41154
4.6669,0.41039
4.6711,0.40915
4.6753,0.40782
4.6795,0.40638
4.6837,0.40483
4.6880,0.40326
4.6922,0.40168
4.6965,0.40004
4.7007,0.39831
4.7050,0.39646
4.7093,0.39436
4.7136,0.39196
4.7178,0.38936
4.7221,0.38671
4.7264,0.38404
4.7308,0.38132
4.7351,0.37863
4.7394,0.37603
4.7437,0.37341
4.7481,0.37066
4.7524,0.36772
4.7568,0.36457
4.7612,0.36133
4.7655,0.35830
4.7699,0.35579
4.7743,0.35401
4.7787,0.35319
4.7831,0.35357
4.7875,0.35519
4.7920,0.35778
4.7964,0.36101
4.8008,0.36446
4.8053,0.36775
4.8097,0.37064
4.8142,0.37297
4.8187,0.37465
4.8232,0.37564
4.8277,0.37589
4.8322,0.37533
4.8367,0.37387
4.8412,0.37154
4.8457,0.36856
4.8502,0.36520
4.8548,0.36165
4.8593,0.35812
4.8639,0.35480
4.8685,0.35173
4.8730,0.34885
4.8776,0.34602
4.8822,0.34304
4.8868,0.33987
4.8914,0.33673
4.8960,0.33399
4.9007,0.33197
4.9053,0.33092
4.9100,0.33108
4.9146,0.33240
4.9193,0.33454
4.9239,0.33695
4.9286,0.33906
4.9333,0.34046
4.9380,0.34084
4.9427,0.33988
4.9474,0.33748
4.9522,0.33382
4.9569,0.32912
4.9616,0.32360
4.9664,0.31753
4.9712,0.31123
4.9759,0.30507
4.9807,0.29942
4.9855,0.29463
4.9903,0.29093
4.9951,0.28829
4.9999,0.28657
5.0047,0.28549
5.0096,0.28478
5.0144,0.28430
5.0193,0.28393
5.0241,0.28348
5.0290,0.28275
5.0339,0.28178
5.0388,0.28077
5.0437,0.27990
5.0486,0.27913
5.0535,0.27838
5.0584,0.27751
5.0634,0.27641
5.0683,0.27505
5.0733,0.27340
5.0783,0.27149
5.0832,0.26938
5.0882,0.26707
5.0932,0.26449
5.0982,0.26170
5.1033,0.25888
5.1083,0.25614
5.1133,0.25355
5.1184,0.25121
5.1234,0.24918
5.1285,0.24745
5.1336,0.24591
5.1387,0.24443
5.1438,0.24294
5.1489,0.24144
5.1540,0.23993
5.1591,0.23831
5.1643,0.23654
5.1694,0.23472
5.1746,0.23291
5.1797,0.23113
5.1849,0.22948
5.1901,0.22801
5.1953,0.22664
5.2005,0.22520
5.2057,0.22362
5.2110,0.22188
5.2162,0.21997
5.2215,0.21797
5.2267,0.21611
5.2320,0.21455
5.2373,0.21338
5.2426,0.21265
5.2479,0.21232
5.2532,0.21225
5.2585,0.21225
5.2639,0.21215
5.2692,0.21191
5.2746,0.21159
5.2799,0.21119
5.2853,0.21079
5.2907,0.21053
5.2961,0.21041
5.3015,0.21041
5.3070,0.21058
5.3124,0.21085
5.3179,0.21113
5.3233,0.21133
5.3288,0.21141
5.3343,0.21135
5.3398,0.21117
5.3453,0.21090
5.3508,0.21048
5.3563,0.20984
5.3619,0.20898
5.3674,0.20801
5.3730,0.20697
5.3785,0.20578
5.3841,0.20438
5.3897,0.20273
5.3953,0.20084
5.4009,0.19878
5.4066,0.19665
5.4122,0.19451
5.4179,0.19235
5.4235,0.19013
5.4292,0.18797
5.4349,0.18597
5.4406,0.18398
5.4463,0.18191
5.4521,0.17980
5.4578,0.17776
5.4636,0.17574
5.4693,0.17369
5.4751,0.17170
5.4809,0.16973
5.4867,0.16763
5.4925,0.16531
5.4983,0.16281
5.5042,0.16021
5.5100,0.15754
5.5159,0.15478
5.5217,0.15186
5.5276,0.14878
5.5335,0.14570
5.5394,0.14275
5.5454,0.13998
5.5513,0.13747
5.5572,0.13540
5.5632,0.13384
5.5692,0.13280
5.5752,0.13229
5.5812,0.13227
5.5872,0.13272
5.5932,0.13355
5.5993,0.13450
5.6053,0.13539
5.6114,0.13613
5.6175,0.13650
5.6235,0.13645
5.6297,0.13607
5.6358,0.13541
5.6419,0.13459
5.6480,0.13379
5.6542,0.13313
5.6604,0.13264
5.6666,0.13228
5.6728,0.13193
5.6790,0.13149
5.6852,0.13102
5.6914,0.13056
5.6977,0.13013
5.7040,0.12980
5.7103,0.12963
5.7165,0.12956
5.7229,0.12951
5.7292,0.12951
5.7355,0.12969
5.7419,0.13004
5.7482,0.13045
5.7546,0.13088
5.7610,0.13132
5.7674,0.13171
5.7738,0.13204
5.7803,0.13239
5.7867,0.13279
5.7932,0.13324
5.7997,0.13374
5.8062,0.13426
5.8127,0.13474
5.8192,0.13515
5.8257,0.13535
5.8323,0.13527
5.8389,0.13494
5.8454,0.13439
5.8520,0.13368
5.8587,0.13285
5.8653,0.13190
5.8719,0.13091
5.8786,0.12992
5.8853,0.12894
5.8919,0.12801
5.8986,0.12715
5.9054,0.12642
5.9121,0.12588
5.9188,0.12550
5.9256,0.12523
5.9324,0.12507
5.9392,0.12500
5.9460,0.12502
5.9528,0.12509
5.9597,0.12511
5.9665,0.12500
5.9734,0.12473
5.9803,0.12434
5.9872,0.12382
5.9941,0.12316
6.0011,0.12250
6.0080,0.12188
6.0150,0.12119
6.0220,0.12045
6.0290,0.11976
6.0360,0.11917
6.0430,0.11869
6.0501,0.11827
6.0571,0.11790
6.0642,0.11759
6.0713,0.11720
6.0784,0.11662
6.0856,0.11591
6.0927,0.11509
6.0999,0.11411
6.1071,0.11295
6.1143,0.11160
6.1215,0.11002
6.1287,0.10832
6.1360,0.10654
6.1433,0.10473
6.1505,0.10298
6.1579,0.10132
6.1652,0.09975
6.1725,0.09835
6.1799,0.09715
6.1872,0.09614
6.1946,0.09533
6.2020,0.09478
6.2095,0.09448
6.2169,0.09442
6.2244,0.09459
6.2319,0.09502
6.2394,0.09558
6.2469,0.09612
6.2544,0.09665
6.2620,0.09721
6.2695,0.09776
6.2771,0.09828
6.2847,0.09879
6.2924,0.09926
6.3000,0.09971
6.3077,0.10028
6.3154,0.10106
6.3231,0.10198
6.3308,0.10302
6.3385,0.10419
6.3463,0.10542
6.3541,0.10662
6.3619,0.10779
6.3697,0.10895
6.3775,0.11008
6.3854,0.11115
6.3932,0.11204
6.4011,0.11272
6.4090,0.11316
6.4170,0.11326
6.4249,0.11304
6.4329,0.11260
6.4409,0.11192
6.4489,0.11098
6.4569,0.10983
6.4650,0.10860
6.4730,0.10733
6.4811,0.10604
6.4892,0.10467
6.4974,0.10310
6.5055,0.10152
6.5137,0.10018
6.5219,0.09902
6.5301,0.09792
6.5383,0.09690
6.5466,0.09598
6.5549,0.09515
6.5632,0.09436
6.5715,0.09356
6.5798,0.09267
6.5882,0.09165
6.5966,0.09054
6.6050,0.08952
6.6134,0.08866
6.6219,0.08801
6.6303,0.08758
6.6388,0.08729
6.6473,0.08704
6.6559,0.08682
6.6644,0.08656
6.6730,0.08615
6.6816,0.08555
6.6902,0.08477
6.6988,0.08388
6.7075,0.08290
6.7162,0.08176
6.7249,0.08053
6.7336,0.07942
6.7424,0.07848
6.7512,0.07771
6.7600,0.07711
6.7688,0.07668
6.7777,0.07640
6.7865,0.07616
6.7954,0.07584
6.8043,0.07550
6.8133,0.07519
6.8222,0.07480
6.8312,0.07432
6.8403,0.07382
6.8493,0.07332
6.8583,0.07281
6.8674,0.07229
6.8765,0.07179
6.8857,0.07131
6.8948,0.07083
6.9040,0.07037
6.9132,0.06997
6.9224,0.06956
6.9317,0.06909
6.9410,0.06855
6.9503,0.06798
6.9596,0.06742
6.9690,0.06688
6.9783,0.06640
6.9877,0.06594
6.9972,0.06551
7.0066,0.06519
7.0161,0.06493
7.0256,0.06455
7.0352,0.06402
7.0447,0.06344
7.0543,0.06284
7.0639,0.06218
7.0735,0.06149
7.0832,0.06072
7.0929,0.05977
7.1026,0.05870
7.1124,0.05758
7.1221,0.05649
7.1319,0.05539
7.1417,0.05414
7.1516,0.05278
7.1615,0.05146
7.1714,0.05019
7.1813,0.04898
7.1913,0.04782
7.2013,0.04666
7.2113,0.04545
7.2213,0.04426
7.2314,0.04314
7.2415,0.04208
7.2516,0.04098
7.2618,0.03986
7.2720,0.03880
7.2822,0.03782
7.2924,0.03689
7.3027,0.03601
7.3130,0.03514
7.3233,0.03429
7.3337,0.03342
7.3441,0.03250
7.3545,0.03157
7.3649,0.03072
7.3754,0.02993
7.3859,0.02919
7.3964,0.02855
7.4070,0.02799
7.4176,0.02743
7.4282,0.02685
7.4389,0.02628
7.4496,0.02578
7.4603,0.02530
7.4711,0.02478
7.4818,0.02421
7.4926,0.02364
7.5035,0.02312
7.5144,0.02270
7.5253,0.02232
7.5362,0.02188
7.5472,0.02139
7.5582,0.02091
7.5692,0.02051
7.5803,0.02021
7.5914,0.01992
7.6025,0.01959
7.6137,0.01927
7.6249,0.01901
7.6361,0.01881
7.6474,0.01866
7.6587,0.01856
7.6700,0.01848
7.6813,0.01836
7.6927,0.01825
7.7042,0.01825
7.7156,0.01835
7.7271,0.01846
7.7387,0.01860
7.7502,0.01883
7.7618,0.01909
7.7735,0.01928
7.7851,0.01949
7.7969,0.01978
7.8086,0.02005
7.8204,0.02027
7.8322,0.02045
7.8440,0.02055
7.8559,0.02054
7.8678,0.02054
7.8798,0.02066
7.8918,0.02080
7.9038,0.02091
7.9159,0.02111
7.9280,0.02143
7.9401,0.02185
7.9523,0.02242
7.9645,0.02318
7.9768,0.02406
7.9891,0.02506
8.0014,0.02625
8.0138,0.02764
8.0262,0.02906
8.0386,0.03050
8.0511,0.03208
8.0636,0.03386
8.0762,0.03589
8.0888,0.03815
8.1014,0.04053
8.1141,0.04298
8.1268,0.04561
8.1396,0.04844
8.1524,0.05136
8.1652,0.05427
8.1781,0.05710
8.1910,0.05979
8.2040,0.06228
8.2170,0.06443
8.2300,0.06610
8.2431,0.06747
8.2562,0.06879
8.2694,0.07007
8.2826,0.07132
8.2959,0.07262
8.3092,0.07398
8.3225,0.07529
8.3359,0.07638
8.3493,0.07715
8.3628,0.07760
8.3763,0.07779
8.3898,0.07773
8.4034,0.07737
8.4171,0.07680
8.4307,0.07615
8.4445,0.07546
8.4583,0.07469
8.4721,0.07386
8.4859,0.07310
8.4999,0.07254
8.5138,0.07219
8.5278,0.07188
8.5419,0.07143
8.5560,0.07088
8.5701,0.07041
8.5843,0.06998
8.5985,0.06949
8.6128,0.06905
8.6271,0.06891
8.6415,0.06914
8.6559,0.06951
8.6704,0.06981
8.6849,0.06982
8.6995,0.06944
8.7141,0.06891
8.7288,0.06840
8.7435,0.06781
8.7583,0.06707
8.7731,0.06624
8.7880,0.06547
8.8029,0.06484
8.8179,0.06430
8.8329,0.06378
8.8480,0.06325
8.8631,0.06270
8.8783,0.06212
8.8935,0.06153
8.9088,0.06095
8.9241,0.06032
8.9395,0.05959
8.9549,0.05872
8.9704,0.05780
8.9860,0.05703
9.0016,0.05634
9.0172,0.05566
9.0329,0.05513
9.0487,0.05481
9.0645,0.05469
9.0804,0.05488
9.0963,0.05546
9.1123,0.05640
9.1284,0.05761
9.1445,0.05886
9.1606,0.05994
9.1768,0.06073
9.1931,0.06114
9.2094,0.06118
9.2258,0.06101
9.2423,0.06070
9.2588,0.06009
9.2753,0.05924
9.2920,0.05846
9.3086,0.05801
9.3254,0.05798
9.3422,0.05829
9.3590,0.05872
9.3760,0.05922
9.3930,0.05986
9.4100,0.06039
9.4271,0.06061
9.4443,0.06079
9.4615,0.06121
9.4788,0.06212
9.4962,0.06388
9.5136,0.06675
9.5311,0.07038
9.5486,0.07404
9.5663,0.07723
9.5839,0.07983
9.6017,0.08183
9.6195,0.08317
9.6374,0.08385
9.6553,0.08385
9.6733,0.08299
9.6914,0.08120
9.7096,0.07862
9.7278,0.07559
9.7461,0.07260
9.7644,0.07005
9.7828,0.06830
9.8013,0.06782
9.8199,0.06888
9.8385,0.07117
9.8572,0.07395
9.8760,0.07655
9.8949,0.07856
9.9138,0.07983
9.9328,0.08046
9.9518,0.08071
9.9710,0.08069
9.9902,0.08042
10.0095,0.07994
10.0288,0.07934
10.0483,0.07875
10.0678,0.07819
10.0874,0.07757
10.1070,0.07685
10.1268,0.07600
10.1466,0.07504
10.1665,0.07398
10.1865,0.07269
10.2065,0.07119
10.2266,0.06971
10.2469,0.06839
10.2671,0.06723
10.2875,0.06619
10.3080,0.06534
10.3285,0.06468
10.3491,0.06429
10.3698,0.06419
10.3906,0.06434
10.4115,0.06465
10.4324,0.06511
10.4534,0.06575
10.4746,0.06654
10.4958,0.06749
10.5171,0.06845
10.5384,0.06926
10.5599,0.06995
10.5814,0.07061
10.6031,0.07129
10.6248,0.07202
10.6466,0.07282
10.6685,0.07373
10.6905,0.07477
10.7126,0.07597
10.7348,0.07736
10.7571,0.07901
10.7794,0.08092
10.8019,0.08284
10.8244,0.08467
10.8471,0.08649
10.8698,0.08822
10.8927,0.08967
10.9156,0.09086
10.9386,0.09206
10.9618,0.09340
10.9850,0.09474
11.0083,0.09596
11.0317,0.09712
11.0552,0.09830
11.0789,0.09952
11.1026,0.10096
11.1264,0.10263
11.1503,0.10419
11.1744,0.10553
11.1985,0.10683
11.2227,0.10808
11.2471,0.10907
11.2715,0.10980
11.2961,0.11044
11.3208,0.11108
11.3455,0.11166
11.3704,0.11205
11.3954,0.11228
11.4205,0.11255
11.4457,0.11290
11.4710,0.11326
11.4965,0.11355
11.5220,0.11374
11.5477,0.11388
11.5735,0.11415
11.5994,0.11453
11.6254,0.11494
11.6515,0.11542
11.6777,0.11588
11.7041,0.11601
11.7306,0.11566
11.7572,0.11499
11.7839,0.11421
11.8107,0.11344
11.8377,0.11265
11.8648,0.11174
11.8920,0.11063
11.9193,0.10927
11.9468,0.10772
11.9744,0.10614
12.0021,0.10455
12.0300,0.10275
12.0579,0.10058
12.0860,0.09819
12.1143,0.09566
12.1426,0.09288
12.1711,0.08962
12.1998,0.08589
12.2286,0.08214
12.2575,0.07867
12.2865,0.07530
12.3157,0.07183
12.3450,0.06831
12.3745,0.06471
12.4041,0.06090
12.4338,0.05697
12.4637,0.05316
12.4938,0.04971
12.5239,0.04677
12.5543,0.04448
12.5847,0.04298
12.6154,0.04240
12.6461,0.04259
12.6770,0.04309
12.7081,0.04353
12.7393,0.04396
12.7707,0.04450
12.8022,0.04507
12.8339,0.04547
12.8658,0.04551
12.8978,0.04529
12.9299,0.04531
12.9623,0.04592
12.9948,0.04693
13.0274,0.04788
13.0602,0.04842
13.0932,0.04845
13.1264,0.04806
13.1597,0.04745
13.1932,0.04684
13.2268,0.04622
13.2606,0.04560
13.2946,0.04520
13.3288,0.04527
13.3632,0.04584
13.3977,0.04679
13.4324,0.04777
13.4673,0.04852
13.5024,0.04895
13.5376,0.04902
13.5731,0.04880
13.6087,0.04833
13.6445,0.04752
13.6805,0.04650
13.7167,0.04584
13.7531,0.04605
13.7897,0.04707
13.8264,0.04853
13.8634,0.05013
13.9006,0.05175
13.9379,0.05333
13.9755,0.05504
14.0133,0.05693
14.0512,0.05875
14.0894,0.06037
14.1278,0.06176
14.1664,0.06276
14.2052,0.06335
14.2443,0.06366
14.2835,0.06373
14.3230,0.06365
14.3626,0.06355
14.4025,0.06362
14.4426,0.06381
14.4830,0.06397
14.5236,0.06387
14.5644,0.06345
14.6054,0.06291
14.6466,0.06236
14.6881,0.06177
14.7299,0.06097
14.7718,0.05994
14.8140,0.05899
14.8565,0.05814
14.8992,0.05724
14.9421,0.05642
14.9853,0.05612
15.0287,0.05664
15.0724,0.05762
15.1164,0.05837
15.1606,0.05870
15.2050,0.05856
15.2497,0.05770
15.2947,0.05608
15.3400,0.05401
15.3855,0.05196
15.4313,0.05037
15.4773,0.04924
15.5237,0.04829
15.5703,0.04753
15.6172,0.04723
15.6644,0.04729
15.7118,0.04732
15.7596,0.04735
15.8077,0.04784
15.8560,0.04911
15.9046,0.05088
15.9536,0.05283
16.0028,0.05474
16.0524,0.05605
16.1022,0.05650
16.1524,0.05633
16.2028,0.05586
16.2536,0.05545
16.3047,0.05554
16.3562,0.05653
16.4079,0.05827
16.4600,0.06033
16.5125,0.06255
16.5652,0.06485
16.6183,0.06681
16.6717,0.06775
16.7255,0.06753
16.7796,0.06711
16.8341,0.06720
16.8890,0.06729
16.9441,0.06673
16.9997,0.06589
17.0556,0.06545
17.1119,0.06548
17.1686,0.06562
17.2256,0.06562
17.2830,0.06528
17.3408,0.06462
17.3990,0.06401
17.4576,0.06360
17.5166,0.06331
17.5760,0.06326
17.6357,0.06322
17.6959,0.06272
17.7565,0.06205
17.8176,0.06188
17.8790,0.06207
17.9409,0.06225
18.0032,0.06236
18.0659,0.06191
18.1291,0.06085
18.1927,0.05985
18.2567,0.05935
18.3212,0.06005
18.3862,0.06244
18.4516,0.06551
18.5175,0.06781
18.5839,0.06969
18.6508,0.07200
18.7181,0.07426
18.7859,0.07631
18.8542,0.07886
18.9230,0.08280
18.9923,0.08940
19.0622,0.09690
19.1325,0.10147
19.2034,0.10328
19.2748,0.10595
19.3467,0.11308
19.4191,0.12587
19.4921,0.14326
19.5657,0.15778
19.6398,0.16205
19.7145,0.16309
19.7897,0.16335
19.8656,0.15726
19.9420,0.15351
20.0190,0.16487
