0.12,
0.122,
0.124,
0.126,
0.128,0.0164
0.13,0.0133
0.132,0.0068
0.134,0.0106
0.136,0.0088
0.138,0.0095
0.14,0.0082
0.142,0.0077
0.144,0.0087
0.146,0.0081
0.148,0.0082
0.15,0.0104
0.152,0.0088
0.154,0.0089
0.156,0.0099
0.158,0.0102
0.16,0.0110
0.162,0.0115
0.164,0.0116
0.166,0.0119
0.168,0.0118
0.17,0.0105
0.172,0.0108
0.174,0.0105
0.176,0.0128
0.178,0.0103
0.18,0.0104
0.182,0.0109
0.184,0.0140
0.186,0.0118
0.188,0.0123
0.19,0.0125
0.192,0.0123
0.194,0.0116
0.196,0.0122
0.198,0.0116
0.2,0.0131
0.202,0.0153
0.204,0.0141
0.206,0.0120
0.208,0.0168
0.21,0.0161
0.212,0.0156
0.214,0.0153
0.216,0.0148
0.218,0.0143
0.22,0.0152
0.222,0.0168
0.224,0.0167
0.226,0.0168
0.228,0.0170
0.23,0.0166
0.232,0.0174
0.234,0.0155
0.236,0.0158
0.238,0.0182
0.24,0.0195
0.242,0.0155
0.244,0.0177
0.246,0.0174
0.248,0.0167
0.25,0.0219
0.252,0.0161
0.254,0.0155
0.256,0.0177
0.258,0.0209
0.26,0.0154
0.262,0.0183
0.264,0.0181
0.266,0.0168
0.268,0.0197
0.27,0.0148
0.272,0.0177
0.274,0.0210
0.276,0.0176
0.278,0.0201
0.28,0.0186
0.282,0.0159
0.284,0.0187
0.286,0.0188
0.288,0.0162
0.29,0.0221
0.292,0.0201
0.294,0.0190
0.296,0.0206
0.298,0.0140
0.3,0.0172
0.302,0.0188
0.304,0.0209
0.306,0.0212
0.308,0.0201
0.31,0.0206
0.312,0.0226
0.314,0.0231
0.316,0.0199
0.318,0.0220
0.32,0.0222
0.322,0.0223
0.324,0.0232
0.326,0.0206
0.328,0.0223
0.33,0.0219
0.332,0.0212
0.334,0.0214
0.336,0.0212
0.338,0.0205
0.34,0.0206
0.342,0.0202
0.344,0.0196
0.346,0.0201
0.348,0.0205
0.35,0.0205
0.352,0.0195
0.354,0.0196
0.356,0.0202
0.358,0.0203
0.36,0.0204
0.362,0.0209
0.364,0.0210
0.366,0.0211
0.368,0.0209
0.37,0.0207
0.372,0.0210
0.374,0.0209
0.376,0.0213
0.378,0.0213
0.38,0.0209
0.382,0.0209
0.384,0.0209
0.386,0.0208
0.388,0.0209
0.39000,0.0210
0.39100,0.0208
0.39200,0.0209
0.39300,0.0210
0.39400,0.0210
0.39500,0.0209
0.39600,0.0211
0.39700,0.0211
0.39800,0.0211
0.39900,0.0210
0.40000,0.0211
0.40100,0.0211
0.40200,0.0210
0.40300,0.0211
0.40400,0.0211
0.40500,0.0212
0.40600,0.0213
0.40700,0.0213
0.40800,0.0213
0.40900,0.0213
0.41000,0.0213
0.41100,0.0213
0.41200,0.0214
0.41300,0.0215
0.41400,0.0214
0.41500,0.0214
0.41600,0.0215
0.41700,0.0216
0.41800,0.0216
0.41900,0.0217
0.42000,0.0218
0.42100,0.0218
0.42200,0.0219
0.42300,0.0219
0.42400,0.0220
0.42500,0.0221
0.42600,0.0221
0.42700,0.0221
0.42800,0.0222
0.42900,0.0223
0.43000,0.0224
0.43100,0.0224
0.43200,0.0225
0.43300,0.0225
0.43400,0.0226
0.43500,0.0226
0.43600,0.0227
0.43700,0.0228
0.43800,0.0229
0.43900,0.0229
0.44000,0.0230
0.44100,0.0231
0.44200,0.0232
0.44300,0.0233
0.44400,0.0233
0.44500,0.0234
0.44600,0.0235
0.44700,0.0236
0.44800,0.0237
0.44900,0.0238
0.45000,0.0238
0.45100,0.0240
0.45200,0.0240
0.45300,0.0240
0.45400,0.0241
0.45500,0.0243
0.45600,0.0243
0.45700,0.0244
0.45800,0.0246
0.45900,0.0247
0.46000,0.0248
0.46100,0.0249
0.46200,0.0250
0.46300,0.0251
0.46400,0.0252
0.46500,0.0253
0.46600,0.0254
0.46700,0.0256
0.46800,0.0257
0.46900,0.0258
0.47000,0.0259
0.47100,0.0260
0.47200,0.0261
0.47300,0.0263
0.47400,0.0264
0.47500,0.0265
0.47600,0.0266
0.47700,0.0267
0.47800,0.0269
0.47900,0.0270
0.48000,0.0271
0.48100,0.0273
0.48200,0.0274
0.48300,0.0275
0.48400,0.0277
0.48500,0.0278
0.48600,0.0279
0.48700,0.0280
0.48800,0.0281
0.48900,0.0282
0.49000,0.0284
0.49100,0.0285
0.49200,0.0286
0.49300,0.0287
0.49400,0.0288
0.49500,0.0290
0.49600,0.0291
0.49700,0.0292
0.49800,0.0293
0.49900,0.0294
0.50000,0.0295
0.50100,0.0296
0.50200,0.0298
0.50300,0.0299
0.50400,0.0300
0.50500,0.0301
0.50600,0.0301
0.50700,0.0303
0.50800,0.0304
0.50900,0.0305
0.51000,0.0306
0.51100,0.0307
0.51200,0.0308
0.51300,0.0309
0.51400,0.0310
0.51500,0.0311
0.51600,0.0311
0.51700,0.0312
0.51800,0.0313
0.51900,0.0314
0.52000,0.0315
0.52100,0.0316
0.52200,0.0317
0.52300,0.0318
0.52400,0.0318
0.52500,0.0319
0.52600,0.0320
0.52700,0.0321
0.52800,0.0322
0.52900,0.0322
0.53000,0.0323
0.53100,0.0324
0.53200,0.0325
0.53300,0.0326
0.53400,0.0327
0.53500,0.0328
0.53600,0.0328
0.53700,0.0329
0.53800,0.0330
0.53900,0.0331
0.54000,0.0332
0.54100,0.0332
0.54200,0.0333
0.54300,0.0334
0.54400,0.0335
0.54500,0.0336
0.54600,0.0336
0.54700,0.0337
0.54800,0.0338
0.54900,0.0339
0.55000,0.0340
0.55100,0.0340
0.55200,0.0341
0.55300,0.0342
0.55400,0.0343
0.55500,0.0344
0.55600,0.0345
0.55700,0.0346
0.55800,0.0346
0.55900,0.0347
0.56000,0.0348
0.56100,0.0349
0.56200,0.0350
0.56300,0.0350
0.56400,0.0351
0.56500,0.0352
0.56600,0.0353
0.56700,0.0354
0.56800,0.0355
0.56900,0.0355
0.57000,0.0356
0.57100,0.0357
0.57200,0.0357
0.57300,0.0358
0.57400,0.0359
0.57500,0.0359
0.57600,0.0360
0.57700,0.0361
0.57800,0.0362
0.57900,0.0362
0.58000,0.0363
0.58100,0.0364
0.58200,0.0364
0.58300,0.0365
0.58400,0.0365
0.58500,0.0366
0.58600,0.0367
0.58700,0.0367
0.58800,0.0368
0.58900,0.0369
0.59000,0.0369
0.59100,0.0370
0.59200,0.0371
0.59300,0.0371
0.59400,0.0372
0.59500,0.0372
0.59600,0.0373
0.59700,0.0374
0.59800,0.0374
0.59900,0.0375
0.60000,0.0375
0.60100,0.0376
0.60200,0.0376
0.60300,0.0377
0.60400,0.0378
0.60500,0.0378
0.60600,0.0379
0.60700,0.0379
0.60800,0.0380
0.60900,0.0380
0.61000,0.0381
0.61100,0.0381
0.61200,0.0382
0.61300,0.0382
0.61400,0.0383
0.61500,0.0383
0.61600,0.0384
0.61700,0.0384
0.61800,0.0385
0.61900,0.0385
0.62000,0.0386
0.62100,0.0387
0.62200,0.0387
0.62300,0.0387
0.62400,0.0388
0.62500,0.0388
0.62600,0.0389
0.62700,0.0390
0.62800,0.0390
0.62900,0.0391
0.63000,0.0391
0.63100,0.0392
0.63200,0.0392
0.63300,0.0393
0.63400,0.0393
0.63500,0.0394
0.63600,0.0394
0.63700,0.0395
0.63800,0.0396
0.63900,0.0396
0.64000,0.0397
0.64100,0.0398
0.64200,0.0398
0.64300,0.0399
0.64400,0.0399
0.64500,0.0400
0.64600,0.0401
0.64700,0.0401
0.64800,0.0402
0.64900,0.0403
0.65000,0.0403
0.65100,0.0404
0.65200,0.0405
0.65300,0.0405
0.65400,0.0406
0.65500,0.0407
0.65600,0.0408
0.65700,0.0408
0.65800,0.0409
0.65900,0.0410
0.66000,0.0410
0.66100,0.0411
0.66200,0.0412
0.66300,0.0413
0.66400,0.0413
0.66500,0.0414
0.66600,0.0415
0.66700,0.0416
0.66800,0.0416
0.66900,0.0417
0.67000,0.0418
0.67100,0.0418
0.67200,0.0419
0.67300,0.0420
0.67400,0.0421
0.67500,0.0421
0.67600,0.0422
0.67700,0.0423
0.67800,0.0423
0.67900,0.0424
0.68000,0.0425
0.68100,0.0426
0.68200,0.0426
0.68300,0.0427
0.68400,0.0428
0.68500,0.0429
0.68600,0.0429
0.68700,0.0430
0.68800,0.0431
0.68900,0.0431
0.69000,0.0432
0.69100,0.0433
0.69200,0.0434
0.69300,0.0434
0.69400,0.0435
0.69500,0.0436
0.69600,0.0436
0.69700,0.0437
0.69800,0.0438
0.69900,0.0438
0.70000,0.0439
0.70100,0.0440
0.70200,0.0440
0.70300,0.0441
0.70400,0.0442
0.70500,0.0442
0.70600,0.0443
0.70700,0.0443
0.70800,0.0444
0.70900,0.0445
0.71000,0.0445
0.71100,0.0446
0.71200,0.0446
0.71300,0.0447
0.71400,0.0448
0.71500,0.0448
0.71600,0.0449
0.71700,0.0449
0.71800,0.0450
0.71900,0.0450
0.72000,0.0451
0.72100,0.0451
0.72200,0.0452
0.72300,0.0452
0.72400,0.0453
0.72500,0.0453
0.72600,0.0454
0.72700,0.0454
0.72800,0.0455
0.72900,0.0455
0.73000,0.0455
0.73100,0.0456
0.73200,0.0456
0.73300,0.0457
0.73400,0.0457
0.73500,0.0457
0.73600,0.0458
0.73700,0.0458
0.73800,0.0458
0.73900,0.0459
0.74000,0.0459
0.74100,0.0459
0.74200,0.0459
0.74300,0.0460
0.74400,0.0460
0.74500,0.0460
0.74600,0.0460
0.74700,0.0460
0.74800,0.0461
0.74900,0.0461
0.75000,0.0461
0.75100,0.0461
0.75200,0.0461
0.75300,0.0462
0.75400,0.0462
0.75500,0.0462
0.75600,0.0462
0.75700,0.0462
0.75800,0.0463
0.75900,0.0463
0.76000,0.0463
0.76100,0.0463
0.76200,0.0463
0.76300,0.0463
0.76400,0.0464
0.76500,0.0464
0.76600,0.0464
0.76700,0.0464
0.76800,0.0464
0.76900,0.0464
0.77000,0.0464
0.77100,0.0465
0.77200,0.0465
0.77300,0.0465
0.77400,0.0465
0.77500,0.0465
0.77600,0.0465
0.77700,0.0465
0.77800,0.0466
0.77900,0.0466
0.78000,0.0466
0.78100,0.0466
0.78200,0.0466
0.78300,0.0466
0.78400,0.0466
0.78500,0.0466
0.78600,0.0467
0.78700,0.0467
0.78800,0.0467
0.78900,0.0467
0.79000,0.0467
0.79100,0.0467
0.79200,0.0467
0.79300,0.0468
0.79400,0.0468
0.79500,0.0468
0.79600,0.0468
0.79700,0.0468
0.79800,0.0468
0.79900,0.0468
0.80000,0.0468
0.80100,0.0468
0.80200,0.0469
0.80300,0.0469
0.80400,0.0469
0.80500,0.0469
0.80600,0.0469
0.80700,0.0469
0.80800,0.0469
0.80900,0.0469
0.81000,0.0469
0.81100,0.0470
0.81200,0.0470
0.81300,0.0470
0.81400,0.0470
0.81500,0.0470
0.81600,0.0470
0.81700,0.0470
0.81800,0.0470
0.81900,0.0471
0.82000,0.0471
0.82100,0.0471
0.82200,0.0471
0.82300,0.0471
0.82400,0.0471
0.82500,0.0471
0.82600,0.0471
0.82700,0.0472
0.82800,0.0472
0.82900,0.0472
0.83000,0.0472
0.83100,0.0472
0.83200,0.0472
0.83300,0.0472
0.83400,0.0473
0.83500,0.0473
0.83600,0.0473
0.83700,0.0473
0.83800,0.0473
0.83900,0.0473
0.84000,0.0473
0.84100,0.0473
0.84200,0.0474
0.84300,0.0474
0.84400,0.0474
0.84500,0.0474
0.84600,0.0474
0.84700,0.0474
0.84800,0.0474
0.84900,0.0475
0.85000,0.0475
0.85100,0.0475
0.85200,0.0475
0.85300,0.0475
0.85400,0.0475
0.85500,0.0476
0.85600,0.0476
0.85700,0.0476
0.85800,0.0476
0.85900,0.0476
0.86000,0.0476
0.86100,0.0477
0.86200,0.0477
0.86300,0.0477
0.86400,0.0477
0.86500,0.0477
0.86600,0.0477
0.86700,0.0478
0.86800,0.0478
0.86900,0.0478
0.87000,0.0478
0.87100,0.0478
0.87200,0.0479
0.87300,0.0479
0.87400,0.0479
0.87500,0.0479
0.87600,0.0479
0.87700,0.0480
0.87800,0.0480
0.87900,0.0480
0.88000,0.0480
0.88100,0.0481
0.88200,0.0481
0.88300,0.0481
0.88400,0.0481
0.88500,0.0481
0.88600,0.0482
0.88700,0.0482
0.88800,0.0482
0.88900,0.0482
0.89000,0.0482
0.89100,0.0483
0.89200,0.0483
0.89300,0.0483
0.89400,0.0483
0.89500,0.0484
0.89600,0.0484
0.89700,0.0484
0.89800,0.0484
0.89900,0.0485
0.90000,0.0485
0.90100,0.0485
0.90200,0.0485
0.90300,0.0486
0.90400,0.0486
0.90500,0.0486
0.90600,0.0487
0.90700,0.0487
0.90800,0.0487
0.90900,0.0488
0.91000,0.0488
0.91100,0.0488
0.91200,0.0489
0.91300,0.0489
0.91400,0.0489
0.91500,0.0490
0.91600,0.0490
0.91700,0.0491
0.91800,0.0491
0.91900,0.0491
0.92000,0.0492
0.92100,0.0492
0.92200,0.0492
0.92300,0.0493
0.92400,0.0493
0.92500,0.0494
0.92600,0.0494
0.92700,0.0494
0.92800,0.0495
0.92900,0.0495
0.93000,0.0496
0.93100,0.0497
0.93200,0.0497
0.93300,0.0497
0.93400,0.0498
0.93500,0.0498
0.93600,0.0499
0.93700,0.0499
0.93800,0.0500
0.93900,0.0500
0.94000,0.0501
0.94100,0.0501
0.94200,0.0502
0.94300,0.0502
0.94400,0.0503
0.94500,0.0503
0.94600,0.0504
0.94700,0.0504
0.94800,0.0505
0.94900,0.0505
0.95000,0.0506
0.95100,0.0506
0.95200,0.0507
0.95300,0.0508
0.95400,0.0508
0.95500,0.0508
0.95600,0.0509
0.95700,0.0510
0.95800,0.0511
0.95900,0.0511
0.96000,0.0512
0.96100,0.0513
0.96200,0.0513
0.96300,0.0514
0.96400,0.0514
0.96500,0.0515
0.96600,0.0516
0.96700,0.0516
0.96800,0.0517
0.96900,0.0518
0.97000,0.0518
0.97100,0.0519
0.97200,0.0520
0.97300,0.0520
0.97400,0.0521
0.97500,0.0522
0.97600,0.0522
0.97700,0.0523
0.97800,0.0524
0.97900,0.0525
0.98000,0.0526
0.98100,0.0526
0.98200,0.0527
0.98300,0.0528
0.98400,0.0529
0.98500,0.0530
0.98600,0.0530
0.98700,0.0531
0.98800,0.0532
0.98900,0.0533
0.99000,0.0534
0.99100,0.0535
0.99200,0.0536
0.99300,0.0537
0.99400,0.0538
0.99500,0.0538
0.99600,0.0539
0.99700,0.0540
0.99800,0.0541
0.99900,0.0542
1.00000,0.0543
1.00100,0.0543
1.00200,0.0543
1.00300,0.0544
1.00400,0.0545
1.00500,0.0547
1.00600,0.0548
1.00700,0.0549
1.00800,0.0549
1.00900,0.0550
1.01000,0.0551
1.01100,0.0552
1.01200,0.0553
1.01300,0.0554
1.01400,0.0555
1.01500,0.0556
1.01600,0.0557
1.01700,0.0558
1.01800,0.0559
1.01900,0.0560
1.02000,0.0561
1.02100,0.0562
1.02200,0.0563
1.02300,0.0564
1.02400,0.0565
1.02500,0.0566
1.02600,0.0567
1.02700,0.0568
1.02800,0.0569
1.02900,0.0571
1.03000,0.0572
1.03100,0.0573
1.03200,0.0574
1.03300,0.0576
1.03400,0.0577
1.03500,0.0578
1.03600,0.0579
1.03700,0.0580
1.03800,0.0581
1.03900,0.0582
1.04000,0.0584
1.04100,0.0585
1.04200,0.0586
1.04300,0.0587
1.04400,0.0588
1.04500,0.0590
1.04600,0.0591
1.04700,0.0592
1.04800,0.0594
1.04900,0.0595
1.05000,0.0597
1.05100,0.0598
1.05200,0.0599
1.05300,0.0601
1.05400,0.0602
1.05500,0.0603
1.05600,0.0604
1.05700,0.0606
1.05800,0.0607
1.05900,0.0609
1.06000,0.0610
1.06100,0.0611
1.06200,0.0613
1.06300,0.0614
1.06400,0.0615
1.06500,0.0617
1.06600,0.0618
1.06700,0.0620
1.06800,0.0621
1.06900,0.0622
1.07000,0.0624
1.07100,0.0625
1.07200,0.0626
1.07300,0.0628
1.07400,0.0629
1.07500,0.0631
1.07600,0.0632
1.07700,0.0634
1.07800,0.0636
1.07900,0.0637
1.08000,0.0639
1.08100,0.0640
1.08200,0.0642
1.08300,0.0643
1.08400,0.0645
1.08500,0.0646
1.08600,0.0648
1.08700,0.0649
1.08800,0.0651
1.08900,0.0652
1.09000,0.0654
1.09100,0.0655
1.09200,0.0657
1.09300,0.0658
1.09400,0.0660
1.09500,0.0662
1.09600,0.0663
1.09700,0.0665
1.09800,0.0667
1.09900,0.0668
1.10000,0.0670
1.10100,0.0672
1.10200,0.0673
1.10300,0.0675
1.10400,0.0677
1.10500,0.0679
1.10600,0.0680
1.10700,0.0682
1.10800,0.0684
1.10900,0.0686
1.11000,0.0688
1.11100,0.0689
1.11200,0.0691
1.11300,0.0693
1.11400,0.0694
1.11500,0.0696
1.11600,0.0697
1.11700,0.0699
1.11800,0.0701
1.11900,0.0703
1.12000,0.0705
1.12100,0.0707
1.12200,0.0708
1.12300,0.0710
1.12400,0.0712
1.12500,0.0714
1.12600,0.0715
1.12700,0.0717
1.12800,0.0719
1.12900,0.0721
1.13000,0.0723
1.13100,0.0725
1.13200,0.0726
1.13300,0.0728
1.13400,0.0730
1.13500,0.0732
1.13600,0.0734
1.13700,0.0736
1.13800,0.0738
1.13900,0.0739
1.14000,0.0741
1.14100,0.0743
1.14200,0.0745
1.14300,0.0747
1.14400,0.0749
1.14500,0.0751
1.14600,0.0753
1.14700,0.0755
1.14800,0.0757
1.14900,0.0759
1.15000,0.0761
1.15100,0.0763
1.15200,0.0764
1.15300,0.0766
1.15400,0.0768
1.15500,0.0770
1.15600,0.0772
1.15700,0.0774
1.15800,0.0776
1.15900,0.0778
1.16000,0.0780
1.16100,0.0782
1.16200,0.0784
1.16300,0.0786
1.16400,0.0788
1.16500,0.0789
1.16600,0.0792
1.16700,0.0794
1.16800,0.0795
1.16900,0.0797
1.17000,0.0799
1.17100,0.0801
1.17200,0.0803
1.17300,0.0805
1.17400,0.0808
1.17500,0.0810
1.17600,0.0812
1.17700,0.0814
1.17800,0.0816
1.17900,0.0818
1.18000,0.0820
1.18100,0.0822
1.18200,0.0824
1.18300,0.0827
1.18400,0.0829
1.18500,0.0831
1.18600,0.0833
1.18700,0.0835
1.18800,0.0838
1.18900,0.0840
1.19000,0.0842
1.19100,0.0844
1.19200,0.0846
1.19300,0.0849
1.19400,0.0851
1.19500,0.0853
1.19600,0.0855
1.19700,0.0857
1.19800,0.0859
1.19900,0.0862
1.20000,0.0864
1.20100,0.0866
1.20200,0.0868
1.20300,0.0871
1.20400,0.0873
1.20500,0.0875
1.20600,0.0877
1.20700,0.0880
1.20800,0.0882
1.20900,0.0884
1.21000,0.0886
1.21100,0.0889
1.21200,0.0891
1.21300,0.0893
1.21400,0.0896
1.21500,0.0898
1.21600,0.0900
1.21700,0.0903
1.21800,0.0905
1.21900,0.0908
1.22000,0.0910
1.22100,0.0912
1.22200,0.0915
1.22300,0.0917
1.22400,0.0920
1.22500,0.0922
1.22600,0.0924
1.22700,0.0927
1.22800,0.0929
1.22900,0.0932
1.23000,0.0934
1.23100,0.0936
1.23200,0.0939
1.23300,0.0941
1.23400,0.0943
1.23500,0.0946
1.23600,0.0948
1.23700,0.0951
1.23800,0.0953
1.23900,0.0955
1.24000,0.0958
1.24100,0.0960
1.24200,0.0963
1.24300,0.0965
1.24400,0.0967
1.24500,0.0970
1.24600,0.0972
1.24700,0.0974
1.24800,0.0977
1.24900,0.0979
1.25000,0.0982
1.25100,0.0984
1.25200,0.0986
1.25300,0.0989
1.25400,0.0991
1.25500,0.0994
1.25600,0.0996
1.25700,0.0999
1.25800,0.1001
1.25900,0.1004
1.26000,0.1006
1.26100,0.1008
1.26200,0.1011
1.26300,0.1013
1.26400,0.1016
1.26500,0.1018
1.26600,0.1020
1.26700,0.1023
1.26800,0.1025
1.26900,0.1027
1.27000,0.1030
1.27100,0.1032
1.27200,0.1035
1.27300,0.1037
1.27400,0.1039
1.27500,0.1042
1.27600,0.1044
1.27700,0.1047
1.27800,0.1049
1.27900,0.1051
1.28000,0.1054
1.28100,0.1056
1.28200,0.1058
1.28300,0.1061
1.28400,0.1063
1.28500,0.1065
1.28600,0.1068
1.28700,0.1070
1.28800,0.1072
1.28900,0.1075
1.29000,0.1077
1.29100,0.1080
1.29200,0.1082
1.29300,0.1084
1.29400,0.1087
1.29500,0.1089
1.29600,0.1091
1.29700,0.1094
1.29800,0.1096
1.29900,0.1099
1.30000,0.1101
1.30100,0.1104
1.30200,0.1106
1.30300,0.1109
1.30400,0.1111
1.30500,0.1114
1.30600,0.1116
1.30700,0.1119
1.30800,0.1121
1.30900,0.1124
1.31000,0.1126
1.31100,0.1129
1.31200,0.1131
1.31300,0.1134
1.31400,0.1136
1.31500,0.1139
1.31600,0.1141
1.31700,0.1144
1.31800,0.1146
1.31900,0.1149
1.32000,0.1151
1.32100,0.1154
1.32200,0.1156
1.32300,0.1159
1.32400,0.1161
1.32500,0.1164
1.32600,0.1166
1.32700,0.1169
1.32800,0.1172
1.32900,0.1174
1.33000,0.1177
1.33100,0.1179
1.33200,0.1181
1.33300,0.1184
1.33400,0.1187
1.33500,0.1189
1.33600,0.1192
1.33700,0.1194
1.33800,0.1197
1.33900,0.1199
1.34000,0.1202
1.34100,0.1204
1.34200,0.1207
1.34300,0.1209
1.34400,0.1212
1.34500,0.1214
1.34600,0.1217
1.34700,0.1219
1.34800,0.1222
1.34900,0.1224
1.35000,0.1227
1.35100,0.1229
1.35200,0.1231
1.35300,0.1234
1.35400,0.1236
1.35500,0.1239
1.35600,0.1241
1.35700,0.1243
1.35800,0.1246
1.35900,0.1248
1.36000,0.1251
1.36100,0.1253
1.36200,0.1256
1.36300,0.1258
1.36400,0.1261
1.36500,0.1263
1.36600,0.1266
1.36700,0.1268
1.36800,0.1271
1.36900,0.1273
1.37000,0.1276
1.37100,0.1279
1.37200,0.1281
1.37300,0.1284
1.37400,0.1287
1.37500,0.1289
1.37600,0.1292
1.37700,0.1294
1.37800,0.1297
1.37900,0.1299
1.38000,0.1302
1.38100,0.1305
1.38200,0.1307
1.38300,0.1310
1.38400,0.1312
1.38500,0.1315
1.38600,0.1317
1.38700,0.1320
1.38800,0.1322
1.38900,0.1325
1.39000,0.1328
1.39100,0.1330
1.39200,0.1333
1.39300,0.1335
1.39400,0.1338
1.39500,0.1340
1.39600,0.1343
1.39700,0.1346
1.39800,0.1348
1.39900,0.1351
1.40000,0.1354
1.40100,0.1356
1.40200,0.1359
1.40300,0.1362
1.40400,0.1364
1.40500,0.1367
1.40600,0.1370
1.40700,0.1372
1.40800,0.1375
1.40900,0.1377
1.41000,0.1380
1.41100,0.1383
1.41200,0.1386
1.41300,0.1388
1.41400,0.1391
1.41500,0.1394
1.41600,0.1397
1.41700,0.1400
1.41800,0.1403
1.41900,0.1406
1.42000,0.1409
1.42100,0.1412
1.42200,0.1414
1.42300,0.1417
1.42400,0.1420
1.42500,0.1422
1.42600,0.1425
1.42700,0.1428
1.42800,0.1430
1.42900,0.1433
1.43000,0.1436
1.43100,0.1439
1.43200,0.1442
1.43300,0.1445
1.43400,0.1448
1.43500,0.1451
1.43600,0.1454
1.43700,0.1457
1.43800,0.1459
1.43900,0.1462
1.44000,0.1465
1.44100,0.1467
1.44200,0.1470
1.44300,0.1472
1.44400,0.1475
1.44500,0.1478
1.44600,0.1480
1.44700,0.1483
1.44800,0.1486
1.44900,0.1488
1.45000,0.1491
1.45100,0.1494
1.45200,0.1496
1.45300,0.1499
1.45400,0.1502
1.45500,0.1504
1.45600,0.1507
1.45700,0.1509
1.45800,0.1512
1.45900,0.1515
1.46000,0.1517
1.46100,0.1520
1.46200,0.1523
1.46300,0.1525
1.46400,0.1528
1.46500,0.1530
1.46600,0.1533
1.46700,0.1535
1.46800,0.1538
1.46900,0.1540
1.47000,0.1543
1.47100,0.1545
1.47200,0.1548
1.47300,0.1550
1.47400,0.1553
1.47500,0.1555
1.47600,0.1558
1.47700,0.1560
1.47800,0.1563
1.47900,0.1565
1.48000,0.1567
1.48100,0.1569
1.48200,0.1571
1.48300,0.1574
1.48400,0.1576
1.48500,0.1578
1.48600,0.1581
1.48700,0.1583
1.48800,0.1586
1.48900,0.1588
1.49000,0.1591
1.49100,0.1594
1.49200,0.1596
1.49300,0.1598
1.49400,0.1601
1.49500,0.1603
1.49600,0.1606
1.49700,0.1608
1.49800,0.1610
1.49900,0.1612
1.50000,0.1614
1.50100,0.1616
1.50200,0.1619
1.50300,0.1621
1.50400,0.1623
1.50500,0.1625
1.50600,0.1627
1.50700,0.1629
1.50800,0.1632
1.50900,0.1634
1.51000,0.1636
1.51100,0.1638
1.51200,0.1640
1.51300,0.1642
1.51400,0.1644
1.51500,0.1646
1.51600,0.1648
1.51700,0.1650
1.51800,0.1652
1.51900,0.1654
1.52000,0.1656
1.52100,0.1659
1.52200,0.1661
1.52300,0.1663
1.52400,0.1665
1.52500,0.1667
1.52600,0.1669
1.52700,0.1671
1.52800,0.1673
1.52900,0.1675
1.53000,0.1676
1.53100,0.1678
1.53200,0.1680
1.53300,0.1682
1.53400,0.1684
1.53500,0.1686
1.53600,0.1688
1.53700,0.1690
1.53800,0.1692
1.53900,0.1694
1.54000,0.1696
1.54100,0.1698
1.54200,0.1700
1.54300,0.1701
1.54400,0.1703
1.54500,0.1705
1.54600,0.1707
1.54700,0.1708
1.54800,0.1710
1.54900,0.1712
1.55000,0.1713
1.55100,0.1715
1.55200,0.1716
1.55300,0.1718
1.55400,0.1719
1.55500,0.1721
1.55600,0.1722
1.55700,0.1724
1.55800,0.1726
1.55900,0.1728
1.56000,0.1729
1.56100,0.1731
1.56200,0.1733
1.56300,0.1735
1.56400,0.1736
1.56500,0.1738
1.56600,0.1739
1.56700,0.1741
1.56800,0.1742
1.56900,0.1743
1.57000,0.1745
1.57100,0.1746
1.57200,0.1748
1.57300,0.1749
1.57400,0.1750
1.57500,0.1752
1.57600,0.1753
1.57700,0.1755
1.57800,0.1756
1.57900,0.1757
1.58000,0.1759
1.58100,0.1761
1.58200,0.1762
1.58300,0.1764
1.58400,0.1765
1.58500,0.1767
1.58600,0.1768
1.58700,0.1770
1.58800,0.1771
1.58900,0.1773
1.59000,0.1774
1.59100,0.1775
1.59200,0.1776
1.59300,0.1778
1.59400,0.1779
1.59500,0.1780
1.59600,0.1781
1.59700,0.1783
1.59800,0.1784
1.59900,0.1785
1.60000,0.1787
1.60100,0.1788
1.60200,0.1789
1.60300,0.1791
1.60400,0.1792
1.60500,0.1794
1.60600,0.1795
1.60700,0.1796
1.60800,0.1797
1.60900,0.1798
1.61000,0.1799
1.61100,0.1800
1.61200,0.1802
1.61300,0.1803
1.61400,0.1804
1.61500,0.1805
1.61600,0.1806
1.61700,0.1807
1.61800,0.1808
1.61900,0.1809
1.62000,0.1810
1.62100,0.1811
1.62200,0.1813
1.62300,0.1814
1.62400,0.1815
1.62500,0.1816
1.62600,0.1817
1.62700,0.1818
1.62800,0.1819
1.62900,0.1820
1.63000,0.1820
1.63100,0.1821
1.63200,0.1822
1.63300,0.1823
1.63400,0.1824
1.63500,0.1825
1.63600,0.1826
1.63700,0.1827
1.63800,0.1828
1.63900,0.1829
1.64000,0.1830
1.64100,0.1831
1.64200,0.1832
1.64300,0.1832
1.64400,0.1833
1.64500,0.1834
1.64600,0.1834
1.64700,0.1835
1.64800,0.1836
1.64900,0.1837
1.65000,0.1837
1.65100,0.1838
1.65200,0.1838
1.65300,0.1839
1.65400,0.1840
1.65500,0.1840
1.65600,0.1841
1.65700,0.1842
1.65800,0.1842
1.65900,0.1843
1.66000,0.1844
1.66100,0.1844
1.66200,0.1845
1.66300,0.1846
1.66400,0.1847
1.66500,0.1848
1.66600,0.1848
1.66700,0.1849
1.66800,0.1849
1.66900,0.1849
1.67000,0.1850
1.67100,0.1850
1.67200,0.1850
1.67300,0.1851
1.67400,0.1851
1.67500,0.1851
1.67600,0.1852
1.67700,0.1852
1.67800,0.1853
1.67900,0.1853
1.68000,0.1854
1.68100,0.1855
1.68200,0.1855
1.68300,0.1856
1.68400,0.1856
1.68500,0.1857
1.68600,0.1857
1.68700,0.1858
1.68800,0.1859
1.68900,0.1859
1.69000,0.1860
1.69100,0.1861
1.69200,0.1861
1.69300,0.1862
1.69400,0.1863
1.69500,0.1863
1.69600,0.1864
1.69700,0.1864
1.69800,0.1865
1.69900,0.1865
1.70000,0.1865
1.70100,0.1866
1.70200,0.1866
1.70300,0.1867
1.70400,0.1867
1.70500,0.1867
1.70600,0.1867
1.70700,0.1868
1.70800,0.1868
1.70900,0.1868
1.71000,0.1868
1.71100,0.1869
1.71200,0.1870
1.71300,0.1871
1.71400,0.1871
1.71500,0.1872
1.71600,0.1873
1.71700,0.1873
1.71800,0.1874
1.71900,0.1874
1.72000,0.1875
1.72100,0.1875
1.72200,0.1876
1.72300,0.1876
1.72400,0.1876
1.72500,0.1877
1.72600,0.1877
1.72700,0.1878
1.72800,0.1878
1.72900,0.1879
1.73000,0.1879
1.73100,0.1879
1.73200,0.1880
1.73300,0.1880
1.73400,0.1880
1.73500,0.1880
1.73600,0.1881
1.73700,0.1881
1.73800,0.1881
1.73900,0.1881
1.74000,0.1881
1.74100,0.1881
1.74200,0.1881
1.74300,0.1882
1.74400,0.1882
1.74500,0.1882
1.74600,0.1883
1.74700,0.1883
1.74800,0.1884
1.74900,0.1884
1.75000,0.1885
1.75100,0.1885
1.75200,0.1885
1.75300,0.1886
1.75400,0.1887
1.75500,0.1887
1.75600,0.1887
1.75700,0.1887
1.75800,0.1888
1.75900,0.1888
1.76000,0.1888
1.76100,0.1888
1.76200,0.1888
1.76300,0.1888
1.76400,0.1888
1.76500,0.1888
1.76600,0.1889
1.76700,0.1889
1.76800,0.1889
1.76900,0.1889
1.77000,0.1889
1.77100,0.1890
1.77200,0.1890
1.77300,0.1890
1.77400,0.1890
1.77500,0.1890
1.77600,0.1890
1.77700,0.1890
1.77800,0.1889
1.77900,0.1889
1.78000,0.1890
1.78100,0.1890
1.78200,0.1890
1.78300,0.1891
1.78400,0.1891
1.78500,0.1891
1.78600,0.1892
1.78700,0.1892
1.78800,0.1892
1.78900,0.1892
1.79000,0.1892
1.79100,0.1892
1.79200,0.1892
1.79300,0.1892
1.79400,0.1892
1.79500,0.1892
1.79600,0.1892
1.79700,0.1892
1.79800,0.1892
1.79900,0.1892
1.80000,0.1892
1.80100,0.1892
1.80200,0.1893
1.80300,0.1893
1.80400,0.1892
1.80500,0.1892
1.80600,0.1892
1.80700,0.1892
1.80800,0.1892
1.80900,0.1892
1.81000,0.1892
1.81100,0.1892
1.81200,0.1892
1.81300,0.1891
1.81400,0.1891
1.81500,0.1890
1.81600,0.1890
1.81700,0.1890
1.81800,0.1889
1.81900,0.1889
1.82000,0.1889
1.82100,0.1889
1.82200,0.1889
1.82300,0.1889
1.82400,0.1888
1.82500,0.1888
1.82600,0.1888
1.82700,0.1888
1.82800,0.1888
1.82900,0.1887
1.83000,0.1887
1.83100,0.1887
1.83200,0.1887
1.83300,0.1887
1.83400,0.1886
1.83500,0.1886
1.83600,0.1886
1.83700,0.1886
1.83800,0.1886
1.83900,0.1887
1.84000,0.1887
1.84100,0.1887
1.84200,0.1888
1.84300,0.1888
1.84400,0.1888
1.84500,0.1888
1.84600,0.1889
1.84700,0.1889
1.84800,0.1889
1.84900,0.1889
1.85000,0.1889
1.85100,0.1889
1.85200,0.1889
1.85300,0.1889
1.85400,0.1889
1.85500,0.1889
1.85600,0.1889
1.85700,0.1889
1.85800,0.1889
1.85900,0.1889
1.86000,0.1889
1.86100,0.1888
1.86200,0.1888
1.86300,0.1888
1.86400,0.1888
1.86500,0.1888
1.86600,0.1887
1.86700,0.1887
1.86800,0.1887
1.86900,0.1887
1.87000,0.1886
1.87100,0.1886
1.87200,0.1886
1.87300,0.1886
1.87400,0.1886
1.87500,0.1886
1.87600,0.1886
1.87700,0.1886
1.87800,0.1886
1.87900,0.1886
1.88000,0.1886
1.88100,0.1886
1.88200,0.1886
1.88300,0.1886
1.88400,0.1886
1.88500,0.1887
1.88600,0.1887
1.88700,0.1886
1.88800,0.1887
1.88900,0.1887
1.89000,0.1887
1.89100,0.1887
1.89200,0.1887
1.89300,0.1887
1.89400,0.1887
1.89500,0.1888
1.89600,0.1888
1.89700,0.1888
1.89800,0.1888
1.89900,0.1888
1.90000,0.1888
1.90100,0.1888
1.90200,0.1888
1.90300,0.1888
1.90400,0.1888
1.90500,0.1888
1.90600,0.1888
1.90700,0.1888
1.90800,0.1888
1.90900,0.1888
1.91000,0.1888
1.91100,0.1888
1.91200,0.1888
1.91300,0.1888
1.91400,0.1888
1.91500,0.1888
1.91600,0.1888
1.91700,0.1888
1.91800,0.1887
1.91900,0.1887
1.92000,0.1887
1.92100,0.1886
1.92200,0.1886
1.92300,0.1886
1.92400,0.1886
1.92500,0.1885
1.92600,0.1885
1.92700,0.1884
1.92800,0.1884
1.92900,0.1884
1.93000,0.1883
1.93100,0.1882
1.93200,0.1882
1.93300,0.1881
1.93400,0.1881
1.93500,0.1880
1.93600,0.1880
1.93700,0.1880
1.93800,0.1879
1.93900,0.1879
1.94000,0.1879
1.94100,0.1880
1.94200,0.1880
1.94300,0.1880
1.94400,0.1880
1.94500,0.1880
1.94600,0.1880
1.94700,0.1880
1.94800,0.1880
1.94900,0.1880
1.95000,0.1880
1.95100,0.1880
1.95200,0.1880
1.95300,0.1881
1.95400,0.1880
1.95500,0.1880
1.95600,0.1880
1.95700,0.1880
1.95800,0.1880
1.95900,0.1880
1.96000,0.1880
1.96100,0.1880
1.96200,0.1880
1.96300,0.1880
1.96400,0.1880
1.96500,0.1880
1.96600,0.1879
1.96700,0.1879
1.96800,0.1879
1.96900,0.1880
1.97000,0.1880
1.97100,0.1880
1.97200,0.1880
1.97300,0.1880
1.97400,0.1880
1.97500,0.1880
1.97600,0.1880
1.97700,0.1880
1.97800,0.1881
1.97900,0.1881
1.98000,0.1882
1.98100,0.1882
1.98200,0.1882
1.98300,0.1882
1.98400,0.1883
1.98500,0.1883
1.98600,0.1883
1.98700,0.1883
1.98800,0.1883
1.98900,0.1883
1.99000,0.1883
1.99100,0.1883
1.99200,0.1883
1.99300,0.1883
1.99400,0.1884
1.99500,0.1884
1.99600,0.1884
1.99700,0.1884
1.99800,0.1884
1.99900,0.1884
2.00000,0.1884
2.0004,0.18964
2.0011,0.18879
2.0019,0.18750
2.0027,0.18874
2.0034,0.19144
2.0042,0.19257
2.0050,0.19166
2.0058,0.19034
2.0065,0.18960
2.0073,0.18926
2.0081,0.18906
2.0089,0.18897
2.0097,0.18974
2.0104,0.19213
2.0112,0.19439
2.0120,0.19409
2.0128,0.19238
2.0136,0.19132
2.0143,0.19020
2.0151,0.18872
2.0159,0.18828
2.0167,0.18918
2.0175,0.19021
2.0183,0.18997
2.0190,0.18924
2.0198,0.19020
2.0206,0.19181
2.0214,0.19110
2.0222,0.18936
2.0230,0.18979
2.0238,0.19152
2.0246,0.19210
2.0254,0.19111
2.0261,0.18956
2.0269,0.18907
2.0277,0.19031
2.0285,0.19209
2.0293,0.19340
2.0301,0.19399
2.0309,0.19300
2.0317,0.19094
2.0325,0.19061
2.0333,0.19235
2.0341,0.19266
2.0349,0.19020
2.0357,0.18837
2.0365,0.18956
2.0373,0.19168
2.0381,0.19244
2.0389,0.19207
2.0397,0.19178
2.0405,0.19173
2.0413,0.19120
2.0421,0.19107
2.0429,0.19167
2.0437,0.19139
2.0445,0.19071
2.0453,0.19115
2.0461,0.19212
2.0469,0.19294
2.0478,0.19354
2.0486,0.19351
2.0494,0.19282
2.0502,0.19163
2.0510,0.18992
2.0518,0.18863
2.0526,0.18906
2.0534,0.19018
2.0542,0.19051
2.0551,0.19041
2.0559,0.18998
2.0567,0.18885
2.0575,0.18814
2.0583,0.18877
2.0591,0.18963
2.0600,0.19002
2.0608,0.19063
2.0616,0.19143
2.0624,0.19216
2.0632,0.19255
2.0641,0.19197
2.0649,0.19131
2.0657,0.19138
2.0665,0.19076
2.0673,0.18953
2.0682,0.18905
2.0690,0.18873
2.0698,0.18925
2.0707,0.19246
2.0715,0.19641
2.0723,0.19741
2.0731,0.19561
2.0740,0.19383
2.0748,0.19286
2.0756,0.19223
2.0765,0.19239
2.0773,0.19304
2.0781,0.19320
2.0790,0.19266
2.0798,0.19148
2.0806,0.19028
2.0815,0.18995
2.0823,0.19015
2.0831,0.18989
2.0840,0.18945
2.0848,0.18975
2.0856,0.19106
2.0865,0.19257
2.0873,0.19357
2.0882,0.19377
2.0890,0.19267
2.0898,0.19144
2.0907,0.19232
2.0915,0.19407
2.0924,0.19372
2.0932,0.19208
2.0941,0.19182
2.0949,0.19267
2.0958,0.19310
2.0966,0.19319
2.0975,0.19271
2.0983,0.19123
2.0992,0.19048
2.1000,0.19187
2.1009,0.19372
2.1017,0.19426
2.1026,0.19388
2.1034,0.19307
2.1043,0.19192
2.1051,0.19144
2.1060,0.19219
2.1068,0.19307
2.1077,0.19297
2.1085,0.19265
2.1094,0.19327
2.1103,0.19473
2.1111,0.19624
2.1120,0.19616
2.1128,0.19448
2.1137,0.19374
2.1146,0.19440
2.1154,0.19478
2.1163,0.19406
2.1172,0.19304
2.1180,0.19263
2.1189,0.19246
2.1198,0.19251
2.1206,0.19250
2.1215,0.19227
2.1224,0.19284
2.1232,0.19295
2.1241,0.19106
2.1250,0.18903
2.1258,0.18908
2.1267,0.19109
2.1276,0.19336
2.1285,0.19472
2.1293,0.19515
2.1302,0.19435
2.1311,0.19269
2.1320,0.19201
2.1328,0.19262
2.1337,0.19351
2.1346,0.19463
2.1355,0.19582
2.1363,0.19658
2.1372,0.19611
2.1381,0.19432
2.1390,0.19321
2.1399,0.19362
2.1408,0.19406
2.1416,0.19384
2.1425,0.19386
2.1434,0.19439
2.1443,0.19432
2.1452,0.19308
2.1461,0.19224
2.1470,0.19364
2.1478,0.19608
2.1487,0.19737
2.1496,0.19729
2.1505,0.19634
2.1514,0.19564
2.1523,0.19555
2.1532,0.19484
2.1541,0.19358
2.1550,0.19334
2.1559,0.19461
2.1568,0.19590
2.1577,0.19573
2.1586,0.19411
2.1595,0.19246
2.1604,0.19234
2.1613,0.19376
2.1622,0.19571
2.1631,0.19713
2.1640,0.19716
2.1649,0.19632
2.1658,0.19566
2.1667,0.19546
2.1676,0.19587
2.1685,0.19629
2.1694,0.19556
2.1703,0.19430
2.1712,0.19440
2.1721,0.19611
2.1731,0.19752
2.1740,0.19753
2.1749,0.19681
2.1758,0.19567
2.1767,0.19443
2.1776,0.19402
2.1785,0.19431
2.1794,0.19439
2.1804,0.19514
2.1813,0.19683
2.1822,0.19730
2.1831,0.19646
2.1840,0.19599
2.1850,0.19566
2.1859,0.19515
2.1868,0.19514
2.1877,0.19607
2.1886,0.19749
2.1896,0.19776
2.1905,0.19644
2.1914,0.19530
2.1924,0.19534
2.1933,0.19574
2.1942,0.19544
2.1951,0.19389
2.1961,0.19244
2.1970,0.19292
2.1979,0.19441
2.1989,0.19535
2.1998,0.19560
2.2007,0.19548
2.2017,0.19573
2.2026,0.19657
2.2035,0.19692
2.2045,0.19646
2.2054,0.19666
2.2063,0.19745
2.2073,0.19715
2.2082,0.19635
2.2092,0.19620
2.2101,0.19614
2.2110,0.19579
2.2120,0.19514
2.2129,0.19441
2.2139,0.19449
2.2148,0.19559
2.2158,0.19673
2.2167,0.19717
2.2177,0.19683
2.2186,0.19600
2.2196,0.19604
2.2205,0.19769
2.2215,0.19874
2.2224,0.19773
2.2234,0.19688
2.2243,0.19742
2.2253,0.19798
2.2262,0.19836
2.2272,0.19909
2.2282,0.19967
2.2291,0.20010
2.2301,0.20020
2.2310,0.19916
2.2320,0.19818
2.2329,0.19831
2.2339,0.19875
2.2349,0.19934
2.2358,0.19940
2.2368,0.19835
2.2378,0.19756
2.2387,0.19761
2.2397,0.19821
2.2407,0.19900
2.2416,0.19908
2.2426,0.19884
2.2436,0.19939
2.2445,0.20012
2.2455,0.20006
2.2465,0.19991
2.2475,0.20010
2.2484,0.19922
2.2494,0.19720
2.2504,0.19672
2.2514,0.19851
2.2523,0.19973
2.2533,0.19888
2.2543,0.19763
2.2553,0.19720
2.2563,0.19736
2.2573,0.19810
2.2582,0.19913
2.2592,0.19994
2.2602,0.20063
2.2612,0.20102
2.2622,0.20038
2.2632,0.19844
2.2642,0.19628
2.2651,0.19549
2.2661,0.19638
2.2671,0.19750
2.2681,0.19737
2.2691,0.19665
2.2701,0.19661
2.2711,0.19690
2.2721,0.19699
2.2731,0.19732
2.2741,0.19806
2.2751,0.19862
2.2761,0.19835
2.2771,0.19733
2.2781,0.19667
2.2791,0.19699
2.2801,0.19764
2.2811,0.19795
2.2821,0.19837
2.2831,0.19903
2.2841,0.19891
2.2851,0.19770
2.2861,0.19668
2.2871,0.19690
2.2881,0.19736
2.2891,0.19697
2.2902,0.19681
2.2912,0.19728
2.2922,0.19779
2.2932,0.19831
2.2942,0.19821
2.2952,0.19803
2.2962,0.19855
2.2973,0.19855
2.2983,0.19798
2.2993,0.19814
2.3003,0.19874
2.3013,0.19918
2.3024,0.19898
2.3034,0.19719
2.3044,0.19513
2.3054,0.19514
2.3065,0.19623
2.3075,0.19663
2.3085,0.19680
2.3095,0.19737
2.3106,0.19800
2.3116,0.19839
2.3126,0.19891
2.3137,0.19930
2.3147,0.19874
2.3157,0.19744
2.3168,0.19610
2.3178,0.19571
2.3188,0.19651
2.3199,0.19728
2.3209,0.19743
2.3219,0.19725
2.3230,0.19751
2.3240,0.19852
2.3251,0.19915
2.3261,0.19880
2.3272,0.19767
2.3282,0.19614
2.3292,0.19458
2.3303,0.19356
2.3313,0.19486
2.3324,0.19788
2.3334,0.19903
2.3345,0.19785
2.3355,0.19652
2.3366,0.19571
2.3377,0.19625
2.3387,0.19867
2.3398,0.20039
2.3408,0.19987
2.3419,0.19914
2.3429,0.19936
2.3440,0.19941
2.3451,0.19881
2.3461,0.19881
2.3472,0.19995
2.3482,0.20055
2.3493,0.19971
2.3504,0.19834
2.3514,0.19724
2.3525,0.19659
2.3536,0.19628
2.3546,0.19636
2.3557,0.19712
2.3568,0.19801
2.3578,0.19802
2.3589,0.19740
2.3600,0.19760
2.3611,0.19909
2.3621,0.20055
2.3632,0.20082
2.3643,0.20018
2.3654,0.19934
2.3665,0.19876
2.3675,0.19863
2.3686,0.19868
2.3697,0.19917
2.3708,0.19977
2.3719,0.19935
2.3730,0.19862
2.3740,0.19866
2.3751,0.19881
2.3762,0.19859
2.3773,0.19816
2.3784,0.19798
2.3795,0.19827
2.3806,0.19853
2.3817,0.19862
2.3828,0.19912
2.3839,0.19978
2.3850,0.19967
2.3861,0.19891
2.3872,0.19865
2.3883,0.19982
2.3894,0.20167
2.3905,0.20211
2.3916,0.20122
2.3927,0.20067
2.3938,0.20030
2.3949,0.19986
2.3960,0.19966
2.3971,0.19925
2.3982,0.19907
2.3993,0.19979
2.4004,0.20045
2.4015,0.20042
2.4026,0.20005
2.4038,0.19980
2.4049,0.20033
2.4060,0.20162
2.4071,0.20265
2.4082,0.20243
2.4093,0.20111
2.4105,0.20029
2.4116,0.20086
2.4127,0.20207
2.4138,0.20324
2.4150,0.20379
2.4161,0.20376
2.4172,0.20402
2.4183,0.20395
2.4195,0.20261
2.4206,0.20169
2.4217,0.20233
2.4229,0.20300
2.4240,0.20270
2.4251,0.20190
2.4263,0.20134
2.4274,0.20148
2.4285,0.20231
2.4297,0.20345
2.4308,0.20384
2.4319,0.20297
2.4331,0.20221
2.4342,0.20222
2.4354,0.20187
2.4365,0.20112
2.4377,0.20106
2.4388,0.20135
2.4400,0.20173
2.4411,0.20299
2.4423,0.20380
2.4434,0.20277
2.4446,0.20165
2.4457,0.20157
2.4469,0.20185
2.4480,0.20210
2.4492,0.20200
2.4503,0.20102
2.4515,0.19960
2.4527,0.19953
2.4538,0.20083
2.4550,0.20109
2.4561,0.19990
2.4573,0.19948
2.4585,0.20038
2.4596,0.20149
2.4608,0.20284
2.4620,0.20404
2.4631,0.20415
2.4643,0.20383
2.4655,0.20395
2.4667,0.20415
2.4678,0.20370
2.4690,0.20294
2.4702,0.20288
2.4714,0.20331
2.4725,0.20304
2.4737,0.20239
2.4749,0.20235
2.4761,0.20249
2.4773,0.20268
2.4784,0.20309
2.4796,0.20325
2.4808,0.20333
2.4820,0.20335
2.4832,0.20325
2.4844,0.20330
2.4856,0.20307
2.4868,0.20232
2.4880,0.20242
2.4892,0.20390
2.4904,0.20486
2.4915,0.20432
2.4927,0.20356
2.4939,0.20322
2.4951,0.20261
2.4963,0.20175
2.4975,0.20126
2.4988,0.20128
2.5000,0.20186
2.5012,0.20281
2.5024,0.20388
2.5036,0.20488
2.5048,0.20511
2.5060,0.20462
2.5072,0.20422
2.5084,0.20426
2.5096,0.20434
2.5109,0.20412
2.5121,0.20388
2.5133,0.20412
2.5145,0.20440
2.5157,0.20400
2.5169,0.20370
2.5182,0.20425
2.5194,0.20546
2.5206,0.20657
2.5218,0.20617
2.5231,0.20421
2.5243,0.20231
2.5255,0.20158
2.5268,0.20187
2.5280,0.20274
2.5292,0.20399
2.5305,0.20461
2.5317,0.20431
2.5329,0.20451
2.5342,0.20527
2.5354,0.20481
2.5366,0.20351
2.5379,0.20346
2.5391,0.20423
2.5404,0.20424
2.5416,0.20386
2.5429,0.20373
2.5441,0.20354
2.5454,0.20356
2.5466,0.20397
2.5479,0.20423
2.5491,0.20443
2.5504,0.20448
2.5516,0.20390
2.5529,0.20292
2.5541,0.20239
2.5554,0.20289
2.5567,0.20365
2.5579,0.20359
2.5592,0.20299
2.5604,0.20308
2.5617,0.20413
2.5630,0.20469
2.5642,0.20408
2.5655,0.20378
2.5668,0.20415
2.5681,0.20408
2.5693,0.20395
2.5706,0.20414
2.5719,0.20404
2.5732,0.20416
2.5744,0.20458
2.5757,0.20441
2.5770,0.20421
2.5783,0.20458
2.5796,0.20459
2.5808,0.20349
2.5821,0.20218
2.5834,0.20174
2.5847,0.20198
2.5860,0.20258
2.5873,0.20339
2.5886,0.20365
2.5899,0.20319
2.5912,0.20296
2.5925,0.20355
2.5938,0.20424
2.5950,0.20414
2.5963,0.20393
2.5977,0.20418
2.5990,0.20440
2.6003,0.20444
2.6016,0.20413
2.6029,0.20326
2.6042,0.20287
2.6055,0.20332
2.6068,0.20356
2.6081,0.20389
2.6094,0.20474
2.6107,0.20471
2.6120,0.20384
2.6134,0.20383
2.6147,0.20419
2.6160,0.20325
2.6173,0.20236
2.6186,0.20346
2.6200,0.20447
2.6213,0.20301
2.6226,0.20115
2.6239,0.20140
2.6253,0.20280
2.6266,0.20359
2.6279,0.20358
2.6293,0.20291
2.6306,0.20179
2.6319,0.20129
2.6333,0.20246
2.6346,0.20445
2.6359,0.20531
2.6373,0.20474
2.6386,0.20382
2.6400,0.20356
2.6413,0.20406
2.6427,0.20446
2.6440,0.20426
2.6454,0.20426
2.6467,0.20487
2.6481,0.20523
2.6494,0.20481
2.6508,0.20424
2.6521,0.20428
2.6535,0.20504
2.6548,0.20554
2.6562,0.20489
2.6576,0.20358
2.6589,0.20285
2.6603,0.20295
2.6617,0.20320
2.6630,0.20355
2.6644,0.20421
2.6658,0.20476
2.6671,0.20464
2.6685,0.20417
2.6699,0.20431
2.6713,0.20483
2.6726,0.20518
2.6740,0.20536
2.6754,0.20505
2.6768,0.20438
2.6782,0.20410
2.6795,0.20444
2.6809,0.20465
2.6823,0.20388
2.6837,0.20330
2.6851,0.20449
2.6865,0.20635
2.6879,0.20678
2.6893,0.20609
2.6907,0.20621
2.6921,0.20724
2.6935,0.20747
2.6949,0.20647
2.6963,0.20540
2.6977,0.20526
2.6991,0.20599
2.7005,0.20684
2.7019,0.20713
2.7033,0.20708
2.7047,0.20659
2.7061,0.20500
2.7075,0.20333
2.7089,0.20319
2.7104,0.20429
2.7118,0.20523
2.7132,0.20523
2.7146,0.20483
2.7160,0.20479
2.7175,0.20458
2.7189,0.20346
2.7203,0.20262
2.7217,0.20335
2.7232,0.20466
2.7246,0.20483
2.7260,0.20368
2.7275,0.20280
2.7289,0.20323
2.7303,0.20387
2.7318,0.20401
2.7332,0.20417
2.7347,0.20429
2.7361,0.20355
2.7375,0.20162
2.7390,0.19989
2.7404,0.19956
2.7419,0.20017
2.7433,0.20123
2.7448,0.20248
2.7462,0.20315
2.7477,0.20295
2.7492,0.20235
2.7506,0.20170
2.7521,0.20104
2.7535,0.20048
2.7550,0.20004
2.7565,0.19976
2.7579,0.19996
2.7594,0.20015
2.7609,0.19949
2.7623,0.19847
2.7638,0.19796
2.7653,0.19796
2.7668,0.19775
2.7682,0.19737
2.7697,0.19770
2.7712,0.19872
2.7727,0.19962
2.7742,0.19966
2.7756,0.19922
2.7771,0.19857
2.7786,0.19718
2.7801,0.19585
2.7816,0.19517
2.7831,0.19504
2.7846,0.19582
2.7861,0.19670
2.7876,0.19667
2.7891,0.19598
2.7906,0.19509
2.7921,0.19421
2.7936,0.19358
2.7951,0.19316
2.7966,0.19289
2.7981,0.19309
2.7996,0.19360
2.8011,0.19366
2.8027,0.19309
2.8042,0.19256
2.8057,0.19241
2.8072,0.19168
2.8087,0.18992
2.8102,0.18854
2.8118,0.18830
2.8133,0.18811
2.8148,0.18762
2.8164,0.18720
2.8179,0.18653
2.8194,0.18564
2.8210,0.18483
2.8225,0.18378
2.8240,0.18259
2.8256,0.18214
2.8271,0.18230
2.8286,0.18197
2.8302,0.18116
2.8317,0.18035
2.8333,0.17952
2.8348,0.17936
2.8364,0.17979
2.8379,0.17950
2.8395,0.17857
2.8410,0.17801
2.8426,0.17743
2.8442,0.17592
2.8457,0.17404
2.8473,0.17334
2.8489,0.17370
2.8504,0.17372
2.8520,0.17289
2.8536,0.17184
2.8551,0.17115
2.8567,0.17063
2.8583,0.17041
2.8599,0.17064
2.8614,0.17038
2.8630,0.16877
2.8646,0.16647
2.8662,0.16498
2.8678,0.16472
2.8693,0.16461
2.8709,0.16391
2.8725,0.16241
2.8741,0.16024
2.8757,0.15861
2.8773,0.15826
2.8789,0.15800
2.8805,0.15702
2.8821,0.15612
2.8837,0.15553
2.8853,0.15435
2.8869,0.15260
2.8885,0.15124
2.8901,0.15055
2.8918,0.15067
2.8934,0.15112
2.8950,0.15058
2.8966,0.14911
2.8982,0.14766
2.8998,0.14653
2.9015,0.14566
2.9031,0.14511
2.9047,0.14495
2.9063,0.14396
2.9080,0.14142
2.9096,0.13932
2.9112,0.13941
2.9129,0.14060
2.9145,0.14110
2.9161,0.14074
2.9178,0.13977
2.9194,0.13825
2.9211,0.13698
2.9227,0.13656
2.9244,0.13687
2.9260,0.13690
2.9277,0.13611
2.9293,0.13545
2.9310,0.13498
2.9326,0.13409
2.9343,0.13301
2.9360,0.13181
2.9376,0.13099
2.9393,0.13143
2.9410,0.13185
2.9426,0.13084
2.9443,0.12955
2.9460,0.12885
2.9476,0.12864
2.9493,0.12901
2.9510,0.12929
2.9527,0.12904
2.9544,0.12848
2.9560,0.12731
2.9577,0.12561
2.9594,0.12435
2.9611,0.12403
2.9628,0.12435
2.9645,0.12419
2.9662,0.12324
2.9679,0.12297
2.9696,0.12369
2.9713,0.12347
2.9730,0.12163
2.9747,0.11974
2.9764,0.11922
2.9781,0.11986
2.9798,0.12045
2.9815,0.12025
2.9833,0.11989
2.9850,0.11953
2.9867,0.11872
2.9884,0.11791
2.9901,0.11727
2.9919,0.11674
2.9936,0.11667
2.9953,0.11674
2.9971,0.11671
2.9988,0.11684
3.0005,0.11678
3.0023,0.11633
3.0040,0.11607
3.0057,0.11607
3.0075,0.11571
3.0092,0.11512
3.0110,0.11488
3.0127,0.11471
3.0145,0.11423
3.0162,0.11345
3.0180,0.11261
3.0197,0.11247
3.0215,0.11290
3.0233,0.11314
3.0250,0.11295
3.0268,0.11250
3.0286,0.11247
3.0303,0.11240
3.0321,0.11159
3.0339,0.11117
3.0357,0.11179
3.0374,0.11205
3.0392,0.11114
3.0410,0.11029
3.0428,0.10993
3.0446,0.10964
3.0464,0.11020
3.0482,0.11122
3.0499,0.11120
3.0517,0.11056
3.0535,0.11029
3.0553,0.11003
3.0571,0.10930
3.0589,0.10853
3.0607,0.10789
3.0626,0.10708
3.0644,0.10659
3.0662,0.10682
3.0680,0.10683
3.0698,0.10625
3.0716,0.10634
3.0734,0.10711
3.0753,0.10716
3.0771,0.10666
3.0789,0.10626
3.0808,0.10521
3.0826,0.10409
3.0844,0.10432
3.0863,0.10571
3.0881,0.10715
3.0899,0.10816
3.0918,0.10859
3.0936,0.10847
3.0955,0.10839
3.0973,0.10850
3.0992,0.10885
3.1010,0.11010
3.1029,0.11178
3.1047,0.11261
3.1066,0.11261
3.1085,0.11276
3.1103,0.11340
3.1122,0.11397
3.1141,0.11424
3.1159,0.11452
3.1178,0.11519
3.1197,0.11680
3.1216,0.11839
3.1234,0.11866
3.1253,0.11865
3.1272,0.11921
3.1291,0.11930
3.1310,0.11888
3.1329,0.11891
3.1348,0.11957
3.1367,0.12048
3.1386,0.12084
3.1405,0.12057
3.1424,0.12093
3.1443,0.12215
3.1462,0.12310
3.1481,0.12336
3.1500,0.12310
3.1519,0.12260
3.1538,0.12263
3.1558,0.12327
3.1577,0.12379
3.1596,0.12441
3.1615,0.12517
3.1635,0.12506
3.1654,0.12457
3.1673,0.12483
3.1693,0.12515
3.1712,0.12521
3.1731,0.12565
3.1751,0.12622
3.1770,0.12673
3.1790,0.12724
3.1809,0.12746
3.1829,0.12765
3.1848,0.12821
3.1868,0.12896
3.1888,0.12942
3.1907,0.12920
3.1927,0.12872
3.1946,0.12867
3.1966,0.12886
3.1986,0.12903
3.2006,0.12936
3.2025,0.13001
3.2045,0.13080
3.2065,0.13081
3.2085,0.13020
3.2105,0.13061
3.2125,0.13216
3.2145,0.13321
3.2164,0.13304
3.2184,0.13228
3.2204,0.13164
3.2224,0.13181
3.2244,0.13323
3.2265,0.13467
3.2285,0.13488
3.2305,0.13459
3.2325,0.13473
3.2345,0.13510
3.2365,0.13527
3.2385,0.13535
3.2406,0.13535
3.2426,0.13501
3.2446,0.13472
3.2467,0.13514
3.2487,0.13599
3.2507,0.13653
3.2528,0.13743
3.2548,0.13913
3.2569,0.14017
3.2589,0.14013
3.2609,0.13999
3.2630,0.13988
3.2651,0.13978
3.2671,0.13992
3.2692,0.13983
3.2712,0.13922
3.2733,0.13860
3.2754,0.13863
3.2774,0.13944
3.2795,0.13991
3.2816,0.13952
3.2837,0.13939
3.2857,0.13992
3.2878,0.14070
3.2899,0.14143
3.2920,0.14186
3.2941,0.14223
3.2962,0.14275
3.2983,0.14288
3.3004,0.14268
3.3025,0.14319
3.3046,0.14413
3.3067,0.14477
3.3088,0.14503
3.3109,0.14445
3.3130,0.14356
3.3152,0.14357
3.3173,0.14432
3.3194,0.14510
3.3215,0.14553
3.3237,0.14522
3.3258,0.14461
3.3279,0.14484
3.3301,0.14573
3.3322,0.14648
3.3343,0.14677
3.3365,0.14660
3.3386,0.14661
3.3408,0.14753
3.3429,0.14890
3.3451,0.14951
3.3473,0.14927
3.3494,0.14928
3.3516,0.14981
3.3538,0.15016
3.3559,0.15022
3.3581,0.15052
3.3603,0.15094
3.3625,0.15116
3.3646,0.15124
3.3668,0.15125
3.3690,0.15109
3.3712,0.15076
3.3734,0.15065
3.3756,0.15117
3.3778,0.15206
3.3800,0.15287
3.3822,0.15341
3.3844,0.15355
3.3866,0.15310
3.3888,0.15247
3.3910,0.15205
3.3933,0.15193
3.3955,0.15254
3.3977,0.15379
3.3999,0.15469
3.4022,0.15496
3.4044,0.15515
3.4066,0.15543
3.4089,0.15556
3.4111,0.15543
3.4134,0.15533
3.4156,0.15527
3.4179,0.15527
3.4201,0.15567
3.4224,0.15606
3.4246,0.15639
3.4269,0.15731
3.4292,0.15831
3.4314,0.15865
3.4337,0.15884
3.4360,0.15901
3.4383,0.15868
3.4406,0.15781
3.4428,0.15712
3.4451,0.15754
3.4474,0.15874
3.4497,0.15936
3.4520,0.15934
3.4543,0.15943
3.4566,0.15947
3.4589,0.15919
3.4612,0.15912
3.4635,0.15954
3.4658,0.16019
3.4682,0.16101
3.4705,0.16181
3.4728,0.16217
3.4751,0.16207
3.4775,0.16190
3.4798,0.16155
3.4821,0.16108
3.4845,0.16132
3.4868,0.16200
3.4892,0.16226
3.4915,0.16243
3.4939,0.16262
3.4962,0.16250
3.4986,0.16247
3.5010,0.16279
3.5033,0.16327
3.5057,0.16366
3.5081,0.16386
3.5104,0.16400
3.5128,0.16422
3.5152,0.16435
3.5176,0.16423
3.5200,0.16408
3.5224,0.16425
3.5248,0.16466
3.5271,0.16521
3.5296,0.16562
3.5320,0.16534
3.5344,0.16489
3.5368,0.16484
3.5392,0.16479
3.5416,0.16461
3.5440,0.16470
3.5464,0.16526
3.5489,0.16570
3.5513,0.16545
3.5537,0.16526
3.5562,0.16542
3.5586,0.16527
3.5611,0.16557
3.5635,0.16693
3.5660,0.16792
3.5684,0.16788
3.5709,0.16771
3.5733,0.16773
3.5758,0.16777
3.5783,0.16806
3.5807,0.16872
3.5832,0.16915
3.5857,0.16881
3.5882,0.16836
3.5907,0.16880
3.5931,0.16997
3.5956,0.17078
3.5981,0.17088
3.6006,0.17065
3.6031,0.17011
3.6056,0.16961
3.6081,0.16978
3.6107,0.17033
3.6132,0.17059
3.6157,0.17068
3.6182,0.17100
3.6207,0.17133
3.6233,0.17126
3.6258,0.17109
3.6283,0.17124
3.6309,0.17146
3.6334,0.17132
3.6360,0.17093
3.6385,0.17070
3.6411,0.17094
3.6436,0.17135
3.6462,0.17152
3.6488,0.17168
3.6513,0.17182
3.6539,0.17175
3.6565,0.17164
3.6591,0.17162
3.6617,0.17169
3.6642,0.17198
3.6668,0.17270
3.6694,0.17358
3.6720,0.17401
3.6746,0.17413
3.6772,0.17468
3.6799,0.17521
3.6825,0.17474
3.6851,0.17432
3.6877,0.17498
3.6903,0.17552
3.6930,0.17522
3.6956,0.17492
3.6982,0.17530
3.7009,0.17573
3.7035,0.17547
3.7062,0.17514
3.7088,0.17536
3.7115,0.17597
3.7141,0.17635
3.7168,0.17575
3.7194,0.17491
3.7221,0.17498
3.7248,0.17558
3.7275,0.17636
3.7302,0.17715
3.7328,0.17751
3.7355,0.17787
3.7382,0.17885
3.7409,0.17971
3.7436,0.17948
3.7463,0.17853
3.7490,0.17760
3.7517,0.17668
3.7545,0.17626
3.7572,0.17702
3.7599,0.17831
3.7626,0.17928
3.7654,0.18027
3.7681,0.18134
3.7708,0.18169
3.7736,0.18091
3.7763,0.17960
3.7791,0.17889
3.7818,0.17904
3.7846,0.17952
3.7874,0.17984
3.7901,0.17999
3.7929,0.18014
3.7957,0.17999
3.7985,0.17979
3.8013,0.18034
3.8040,0.18156
3.8068,0.18221
3.8096,0.18172
3.8124,0.18106
3.8152,0.18104
3.8180,0.18136
3.8209,0.18144
3.8237,0.18112
3.8265,0.18088
3.8293,0.18091
3.8322,0.18100
3.8350,0.18123
3.8378,0.18164
3.8407,0.18194
3.8435,0.18186
3.8464,0.18185
3.8492,0.18264
3.8521,0.18386
3.8550,0.18453
3.8578,0.18492
3.8607,0.18537
3.8636,0.18540
3.8665,0.18529
3.8693,0.18529
3.8722,0.18486
3.8751,0.18430
3.8780,0.18420
3.8809,0.18399
3.8838,0.18330
3.8867,0.18292
3.8897,0.18316
3.8926,0.18354
3.8955,0.18407
3.8984,0.18470
3.9014,0.18499
3.9043,0.18513
3.9072,0.18525
3.9102,0.18514
3.9131,0.18509
3.9161,0.18500
3.9191,0.18451
3.9220,0.18407
3.9250,0.18404
3.9280,0.18430
3.9309,0.18489
3.9339,0.18561
3.9369,0.18593
3.9399,0.18598
3.9429,0.18644
3.9459,0.18717
3.9489,0.18731
3.9519,0.18699
3.9549,0.18731
3.9579,0.18828
3.9610,0.18851
3.9640,0.18766
3.9670,0.18688
3.9701,0.18684
3.9731,0.18734
3.9762,0.18786
3.9792,0.18791
3.9823,0.18761
3.9853,0.18754
3.9884,0.18748
3.9915,0.18703
3.9945,0.18716
3.9976,0.18826
4.0007,0.18904
4.0038,0.18906
4.0069,0.18900
4.0100,0.18911
4.0131,0.18887
4.0162,0.18787
4.0193,0.18675
4.0224,0.18662
4.0256,0.18722
4.0287,0.18771
4.0318,0.18816
4.0349,0.18861
4.0381,0.18869
4.0412,0.18847
4.0444,0.18848
4.0475,0.18907
4.0507,0.18958
4.0539,0.18903
4.0570,0.18781
4.0602,0.18724
4.0634,0.18739
4.0666,0.18763
4.0698,0.18792
4.0730,0.18845
4.0762,0.18919
4.0794,0.18949
4.0826,0.18865
4.0858,0.18722
4.0890,0.18674
4.0923,0.18784
4.0955,0.18934
4.0987,0.19031
4.1020,0.19085
4.1052,0.19125
4.1085,0.19160
4.1117,0.19165
4.1150,0.19121
4.1183,0.19040
4.1215,0.18991
4.1248,0.19034
4.1281,0.19066
4.1314,0.18983
4.1347,0.18890
4.1380,0.18900
4.1413,0.18962
4.1446,0.19038
4.1479,0.19128
4.1512,0.19174
4.1546,0.19144
4.1579,0.19070
4.1612,0.18989
4.1646,0.18928
4.1679,0.18942
4.1713,0.19026
4.1746,0.19069
4.1780,0.19055
4.1814,0.19048
4.1848,0.19032
4.1881,0.19030
4.1915,0.19066
4.1949,0.19069
4.1983,0.19061
4.2017,0.19090
4.2051,0.19078
4.2085,0.19047
4.2119,0.19087
4.2154,0.19138
4.2188,0.19140
4.2222,0.19118
4.2257,0.19086
4.2291,0.19049
4.2326,0.19034
4.2360,0.19056
4.2395,0.19060
4.2430,0.19023
4.2464,0.19066
4.2499,0.19186
4.2534,0.19211
4.2569,0.19108
4.2604,0.19031
4.2639,0.19072
4.2674,0.19139
4.2709,0.19164
4.2745,0.19207
4.2780,0.19263
4.2815,0.19284
4.2850,0.19295
4.2886,0.19308
4.2921,0.19291
4.2957,0.19258
4.2993,0.19262
4.3028,0.19288
4.3064,0.19260
4.3100,0.19174
4.3136,0.19107
4.3172,0.19117
4.3208,0.19166
4.3244,0.19179
4.3280,0.19115
4.3316,0.19011
4.3352,0.18975
4.3388,0.19010
4.3425,0.19020
4.3461,0.19025
4.3498,0.19073
4.3534,0.19115
4.3571,0.19127
4.3607,0.19103
4.3644,0.19052
4.3681,0.19056
4.3718,0.19120
4.3755,0.19170
4.3791,0.19202
4.3828,0.19241
4.3866,0.19265
4.3903,0.19243
4.3940,0.19189
4.3977,0.19193
4.4015,0.19272
4.4052,0.19298
4.4089,0.19220
4.4127,0.19154
4.4164,0.19167
4.4202,0.19162
4.4240,0.19112
4.4278,0.19100
4.4315,0.19122
4.4353,0.19154
4.4391,0.19220
4.4429,0.19274
4.4467,0.19278
4.4506,0.19265
4.4544,0.19262
4.4582,0.19295
4.4621,0.19339
4.4659,0.19362
4.4697,0.19359
4.4736,0.19325
4.4775,0.19292
4.4813,0.19297
4.4852,0.19345
4.4891,0.19418
4.4930,0.19428
4.4969,0.19354
4.5008,0.19333
4.5047,0.19397
4.5086,0.19419
4.5125,0.19357
4.5165,0.19283
4.5204,0.19279
4.5244,0.19363
4.5283,0.19425
4.5323,0.19374
4.5362,0.19280
4.5402,0.19248
4.5442,0.19270
4.5482,0.19302
4.5522,0.19319
4.5562,0.19300
4.5602,0.19284
4.5642,0.19299
4.5682,0.19251
4.5722,0.19127
4.5763,0.19079
4.5803,0.19172
4.5844,0.19275
4.5884,0.19288
4.5925,0.19248
4.5966,0.19223
4.6006,0.19223
4.6047,0.19235
4.6088,0.19243
4.6129,0.19208
4.6170,0.19127
4.6211,0.19076
4.6253,0.19093
4.6294,0.19141
4.6335,0.19191
4.6377,0.19209
4.6418,0.19159
4.6460,0.19114
4.6501,0.19185
4.6543,0.19324
4.6585,0.19393
4.6627,0.19366
4.6669,0.19312
4.6711,0.19261
4.6753,0.19184
4.6795,0.19063
4.6837,0.18966
4.6880,0.18975
4.6922,0.19053
4.6965,0.19099
4.7007,0.19122
4.7050,0.19159
4.7093,0.19154
4.7136,0.19094
4.7178,0.19042
4.7221,0.19038
4.7264,0.19060
4.7308,0.19049
4.7351,0.19015
4.7394,0.19024
4.7437,0.19077
4.7481,0.19112
4.7524,0.19105
4.7568,0.19100
4.7612,0.19093
4.7655,0.19055
4.7699,0.19041
4.7743,0.19084
4.7787,0.19134
4.7831,0.19172
4.7875,0.19232
4.7920,0.19312
4.7964,0.19371
4.8008,0.19376
4.8053,0.19331
4.8097,0.19287
4.8142,0.19273
4.8187,0.19249
4.8232,0.19218
4.8277,0.19242
4.8322,0.19289
4.8367,0.19304
4.8412,0.19295
4.8457,0.19255
4.8502,0.19198
4.8548,0.19201
4.8593,0.19273
4.8639,0.19336
4.8685,0.19346
4.8730,0.19312
4.8776,0.19284
4.8822,0.19295
4.8868,0.19308
4.8914,0.19272
4.8960,0.19199
4.9007,0.19167
4.9053,0.19224
4.9100,0.19305
4.9146,0.19357
4.9193,0.19395
4.9239,0.19404
4.9286,0.19353
4.9333,0.19261
4.9380,0.19198
4.9427,0.19210
4.9474,0.19266
4.9522,0.19345
4.9569,0.19449
4.9616,0.19518
4.9664,0.19516
4.9712,0.19479
4.9759,0.19450
4.9807,0.19442
4.9855,0.19452
4.9903,0.19494
4.9951,0.19554
4.9999,0.19563
5.0047,0.19519
5.0096,0.19478
5.0144,0.19487
5.0193,0.19562
5.0241,0.19640
5.0290,0.19655
5.0339,0.19623
5.0388,0.19582
5.0437,0.19588
5.0486,0.19682
5.0535,0.19759
5.0584,0.19718
5.0634,0.19685
5.0683,0.19760
5.0733,0.19820
5.0783,0.19806
5.0832,0.19768
5.0882,0.19698
5.0932,0.19639
5.0982,0.19666
5.1033,0.19726
5.1083,0.19775
5.1133,0.19825
5.1184,0.19847
5.1234,0.19856
5.1285,0.19903
5.1336,0.19975
5.1387,0.19998
5.1438,0.19933
5.1489,0.19859
5.1540,0.19819
5.1591,0.19775
5.1643,0.19761
5.1694,0.19804
5.1746,0.19863
5.1797,0.19907
5.1849,0.19855
5.1901,0.19713
5.1953,0.19644
5.2005,0.19705
5.2057,0.19785
5.2110,0.19800
5.2162,0.19805
5.2215,0.19889
5.2267,0.19982
5.2320,0.19946
5.2373,0.19820
5.2426,0.19744
5.2479,0.19750
5.2532,0.19777
5.2585,0.19784
5.2639,0.19784
5.2692,0.19807
5.2746,0.19853
5.2799,0.19884
5.2853,0.19877
5.2907,0.19836
5.2961,0.19785
5.3015,0.19767
5.3070,0.19808
5.3124,0.19839
5.3179,0.19794
5.3233,0.19723
5.3288,0.19656
5.3343,0.19577
5.3398,0.19521
5.3453,0.19502
5.3508,0.19517
5.3563,0.19577
5.3619,0.19653
5.3674,0.19671
5.3730,0.19623
5.3785,0.19605
5.3841,0.19630
5.3897,0.19614
5.3953,0.19551
5.4009,0.19507
5.4066,0.19508
5.4122,0.19494
5.4179,0.19444
5.4235,0.19458
5.4292,0.19525
5.4349,0.19515
5.4406,0.19441
5.4463,0.19372
5.4521,0.19311
5.4578,0.19240
5.4636,0.19147
5.4693,0.19054
5.4751,0.19001
5.4809,0.18993
5.4867,0.19010
5.4925,0.19047
5.4983,0.19101
5.5042,0.19158
5.5100,0.19185
5.5159,0.19138
5.5217,0.19077
5.5276,0.19094
5.5335,0.19140
5.5394,0.19149
5.5454,0.19140
5.5513,0.19130
5.5572,0.19062
5.5632,0.18913
5.5692,0.18769
5.5752,0.18697
5.5812,0.18711
5.5872,0.18777
5.5932,0.18784
5.5993,0.18717
5.6053,0.18678
5.6114,0.18665
5.6175,0.18633
5.6235,0.18599
5.6297,0.18533
5.6358,0.18407
5.6419,0.18290
5.6480,0.18239
5.6542,0.18247
5.6604,0.18302
5.6666,0.18318
5.6728,0.18207
5.6790,0.18053
5.6852,0.17975
5.6914,0.17959
5.6977,0.17951
5.7040,0.17949
5.7103,0.17985
5.7165,0.18012
5.7229,0.17944
5.7292,0.17864
5.7355,0.17862
5.7419,0.17881
5.7482,0.17868
5.7546,0.17807
5.7610,0.17725
5.7674,0.17649
5.7738,0.17553
5.7803,0.17479
5.7867,0.17501
5.7932,0.17554
5.7997,0.17539
5.8062,0.17484
5.8127,0.17461
5.8192,0.17476
5.8257,0.17487
5.8323,0.17440
5.8389,0.17337
5.8454,0.17242
5.8520,0.17207
5.8587,0.17228
5.8653,0.17271
5.8719,0.17267
5.8786,0.17217
5.8853,0.17232
5.8919,0.17324
5.8986,0.17370
5.9054,0.17335
5.9121,0.17294
5.9188,0.17286
5.9256,0.17319
5.9324,0.17411
5.9392,0.17497
5.9460,0.17508
5.9528,0.17464
5.9597,0.17406
5.9665,0.17406
5.9734,0.17490
5.9803,0.17535
5.9872,0.17482
5.9941,0.17403
6.0011,0.17311
6.0080,0.17184
6.0150,0.17074
6.0220,0.17028
6.0290,0.16997
6.0360,0.16910
6.0430,0.16800
6.0501,0.16743
6.0571,0.16735
6.0642,0.16735
6.0713,0.16754
6.0784,0.16796
6.0856,0.16835
6.0927,0.16866
6.0999,0.16889
6.1071,0.16916
6.1143,0.16988
6.1215,0.17108
6.1287,0.17193
6.1360,0.17202
6.1433,0.17229
6.1505,0.17339
6.1579,0.17484
6.1652,0.17605
6.1725,0.17666
6.1799,0.17663
6.1872,0.17715
6.1946,0.17916
6.2020,0.18129
6.2095,0.18212
6.2169,0.18223
6.2244,0.18272
6.2319,0.18318
6.2394,0.18286
6.2469,0.18259
6.2544,0.18287
6.2620,0.18316
6.2695,0.18337
6.2771,0.18369
6.2847,0.18434
6.2924,0.18531
6.3000,0.18654
6.3077,0.18803
6.3154,0.18919
6.3231,0.18941
6.3308,0.18927
6.3385,0.18946
6.3463,0.18976
6.3541,0.18972
6.3619,0.18927
6.3697,0.18887
6.3775,0.18901
6.3854,0.18961
6.3932,0.19007
6.4011,0.18983
6.4090,0.18903
6.4170,0.18816
6.4249,0.18786
6.4329,0.18849
6.4409,0.18946
6.4489,0.19013
6.4569,0.19019
6.4650,0.18965
6.4730,0.18926
6.4811,0.18918
6.4892,0.18868
6.4974,0.18790
6.5055,0.18746
6.5137,0.18722
6.5219,0.18694
6.5301,0.18645
6.5383,0.18576
6.5466,0.18551
6.5549,0.18551
6.5632,0.18485
6.5715,0.18377
6.5798,0.18301
6.5882,0.18261
6.5966,0.18260
6.6050,0.18288
6.6134,0.18234
6.6219,0.18060
6.6303,0.17906
6.6388,0.17826
6.6473,0.17711
6.6559,0.17523
6.6644,0.17344
6.6730,0.17229
6.6816,0.17173
6.6902,0.17173
6.6988,0.17193
6.7075,0.17204
6.7162,0.17293
6.7249,0.17468
6.7336,0.17589
6.7424,0.17626
6.7512,0.17664
6.7600,0.17759
6.7688,0.17891
6.7777,0.18021
6.7865,0.18144
6.7954,0.18254
6.8043,0.18355
6.8133,0.18456
6.8222,0.18529
6.8312,0.18590
6.8403,0.18718
6.8493,0.18915
6.8583,0.19111
6.8674,0.19284
6.8765,0.19419
6.8857,0.19498
6.8948,0.19556
6.9040,0.19606
6.9132,0.19651
6.9224,0.19719
6.9317,0.19770
6.9410,0.19735
6.9503,0.19643
6.9596,0.19560
6.9690,0.19491
6.9783,0.19416
6.9877,0.19361
6.9972,0.19367
7.0066,0.19409
7.0161,0.19426
7.0256,0.19376
7.0352,0.19276
7.0447,0.19244
7.0543,0.19327
7.0639,0.19419
7.0735,0.19482
7.0832,0.19550
7.0929,0.19631
7.1026,0.19720
7.1124,0.19775
7.1221,0.19762
7.1319,0.19699
7.1417,0.19622
7.1516,0.19585
7.1615,0.19606
7.1714,0.19612
7.1813,0.19563
7.1913,0.19516
7.2013,0.19524
7.2113,0.19561
7.2213,0.19601
7.2314,0.19698
7.2415,0.19829
7.2516,0.19861
7.2618,0.19766
7.2720,0.19652
7.2822,0.19590
7.2924,0.19564
7.3027,0.19536
7.3130,0.19508
7.3233,0.19532
7.3337,0.19593
7.3441,0.19564
7.3545,0.19431
7.3649,0.19311
7.3754,0.19280
7.3859,0.19339
7.3964,0.19439
7.4070,0.19507
7.4176,0.19510
7.4282,0.19494
7.4389,0.19472
7.4496,0.19361
7.4603,0.19178
7.4711,0.19041
7.4818,0.18970
7.4926,0.18921
7.5035,0.18881
7.5144,0.18867
7.5253,0.18869
7.5362,0.18840
7.5472,0.18782
7.5582,0.18739
7.5692,0.18700
7.5803,0.18655
7.5914,0.18590
7.6025,0.18479
7.6137,0.18362
7.6249,0.18237
7.6361,0.18062
7.6474,0.17903
7.6587,0.17853
7.6700,0.17895
7.6813,0.17891
7.6927,0.17765
7.7042,0.17639
7.7156,0.17579
7.7271,0.17510
7.7387,0.17374
7.7502,0.17171
7.7618,0.16935
7.7735,0.16708
7.7851,0.16487
7.7969,0.16255
7.8086,0.16029
7.8204,0.15840
7.8322,0.15699
7.8440,0.15575
7.8559,0.15411
7.8678,0.15201
7.8798,0.15011
7.8918,0.14840
7.9038,0.14616
7.9159,0.14353
7.9280,0.14070
7.9401,0.13753
7.9523,0.13448
7.9645,0.13175
7.9768,0.12864
7.9891,0.12505
8.0014,0.12169
8.0138,0.11898
8.0262,0.11677
8.0386,0.11442
8.0511,0.11155
8.0636,0.10879
8.0762,0.10632
8.0888,0.10357
8.1014,0.10112
8.1141,0.09936
8.1268,0.09767
8.1396,0.09590
8.1524,0.09380
8.1652,0.09106
8.1781,0.08823
8.1910,0.08586
8.2040,0.08363
8.2170,0.08112
8.2300,0.07899
8.2431,0.07787
8.2562,0.07697
8.2694,0.07552
8.2826,0.07401
8.2959,0.07228
8.3092,0.06977
8.3225,0.06739
8.3359,0.06563
8.3493,0.06370
8.3628,0.06167
8.3763,0.06030
8.3898,0.05943
8.4034,0.05860
8.4171,0.05790
8.4307,0.05755
8.4445,0.05734
8.4583,0.05707
8.4721,0.05682
8.4859,0.05662
8.4999,0.05667
8.5138,0.05716
8.5278,0.05755
8.5419,0.05745
8.5560,0.05711
8.5701,0.05674
8.5843,0.05626
8.5985,0.05546
8.6128,0.05472
8.6271,0.05425
8.6415,0.05411
8.6559,0.05475
8.6704,0.05575
8.6849,0.05612
8.6995,0.05573
8.7141,0.05569
8.7288,0.05677
8.7435,0.05786
8.7583,0.05818
8.7731,0.05819
8.7880,0.05818
8.8029,0.05830
8.8179,0.05836
8.8329,0.05797
8.8480,0.05770
8.8631,0.05831
8.8783,0.05929
8.8935,0.05965
8.9088,0.05956
8.9241,0.06045
8.9395,0.06252
8.9549,0.06417
8.9704,0.06444
8.9860,0.06415
9.0016,0.06466
9.0172,0.06577
9.0329,0.06624
9.0487,0.06576
9.0645,0.06488
9.0804,0.06432
9.0963,0.06435
9.1123,0.06482
9.1284,0.06520
9.1445,0.06451
9.1606,0.06292
9.1768,0.06179
9.1931,0.06090
9.2094,0.05958
9.2258,0.05874
9.2423,0.05909
9.2588,0.06013
9.2753,0.06150
9.2920,0.06240
9.3086,0.06238
9.3254,0.06315
9.3422,0.06532
9.3590,0.06712
9.3760,0.06819
9.3930,0.06929
9.4100,0.07032
9.4271,0.07100
9.4443,0.07163
9.4615,0.07238
9.4788,0.07321
9.4962,0.07472
9.5136,0.07698
9.5311,0.07915
9.5486,0.08076
9.5663,0.08115
9.5839,0.08074
9.6017,0.08095
9.6195,0.08121
9.6374,0.08072
9.6553,0.08088
9.6733,0.08230
9.6914,0.08388
9.7096,0.08545
9.7278,0.08696
9.7461,0.08706
9.7644,0.08496
9.7828,0.08192
9.8013,0.08020
9.8199,0.08091
9.8385,0.08430
9.8572,0.09012
9.8760,0.09693
9.8949,0.10307
9.9138,0.10821
9.9328,0.11286
9.9518,0.11672
9.9710,0.11931
9.9902,0.12146
10.0095,0.12443
10.0288,0.12730
10.0483,0.12879
10.0678,0.13004
10.0874,0.13171
10.1070,0.13318
10.1268,0.13435
10.1466,0.13525
10.1665,0.13637
10.1865,0.13805
10.2065,0.14009
10.2266,0.14250
10.2469,0.14451
10.2671,0.14532
10.2875,0.14575
10.3080,0.14666
10.3285,0.14747
10.3491,0.14774
10.3698,0.14811
10.3906,0.14888
10.4115,0.14950
10.4324,0.15032
10.4534,0.15197
10.4746,0.15339
10.4958,0.15390
10.5171,0.15433
10.5384,0.15533
10.5599,0.15627
10.5814,0.15630
10.6031,0.15605
10.6248,0.15626
10.6466,0.15655
10.6685,0.15670
10.6905,0.15685
10.7126,0.15640
10.7348,0.15536
10.7571,0.15514
10.7794,0.15581
10.8019,0.15619
10.8244,0.15631
10.8471,0.15656
10.8698,0.15681
10.8927,0.15713
10.9156,0.15732
10.9386,0.15686
10.9618,0.15626
10.9850,0.15612
11.0083,0.15613
11.0317,0.15624
11.0552,0.15672
11.0789,0.15711
11.1026,0.15652
11.1264,0.15577
11.1503,0.15614
11.1744,0.15662
11.1985,0.15599
11.2227,0.15510
11.2471,0.15519
11.2715,0.15571
11.2961,0.15525
11.3208,0.15346
11.3455,0.15122
11.3704,0.15070
11.3954,0.15152
11.4205,0.15045
11.4457,0.14753
11.4710,0.14491
11.4965,0.14277
11.5220,0.14047
11.5477,0.13783
11.5735,0.13515
11.5994,0.13256
11.6254,0.13009
11.6515,0.12765
11.6777,0.12508
11.7041,0.12266
11.7306,0.11943
11.7572,0.11433
11.7839,0.10929
11.8107,0.10617
11.8377,0.10366
11.8648,0.10041
11.8920,0.09714
11.9193,0.09541
11.9468,0.09521
11.9744,0.09485
12.0021,0.09366
12.0300,0.09216
12.0579,0.09087
12.0860,0.09020
12.1143,0.09002
12.1426,0.09011
12.1711,0.09064
12.1998,0.09180
12.2286,0.09359
12.2575,0.09467
12.2865,0.09466
12.3157,0.09646
12.3450,0.10109
12.3745,0.10504
12.4041,0.10659
12.4338,0.10847
12.4637,0.11180
12.4938,0.11427
12.5239,0.11474
12.5543,0.11511
12.5847,0.11708
12.6154,0.11997
12.6461,0.12241
12.6770,0.12463
12.7081,0.12775
12.7393,0.13089
12.7707,0.13216
12.8022,0.13201
12.8339,0.13211
12.8658,0.13227
12.8978,0.13128
12.9299,0.13011
12.9623,0.13000
12.9948,0.12941
13.0274,0.12774
13.0602,0.12617
13.0932,0.12540
13.1264,0.12587
13.1597,0.12665
13.1932,0.12629
13.2268,0.12532
13.2606,0.12495
13.2946,0.12585
13.3288,0.12748
13.3632,0.12816
13.3977,0.12747
13.4324,0.12631
13.4673,0.12519
13.5024,0.12424
13.5376,0.12354
13.5731,0.12286
13.6087,0.12172
13.6445,0.12013
13.6805,0.11873
13.7167,0.11777
13.7531,0.11774
13.7897,0.11862
13.8264,0.11943
13.8634,0.12040
13.9006,0.12111
13.9379,0.12007
13.9755,0.11694
14.0133,0.11362
14.0512,0.11305
14.0894,0.11495
14.1278,0.11756
14.1664,0.11964
14.2052,0.11959
14.2443,0.11787
14.2835,0.11609
14.3230,0.11496
14.3626,0.11511
14.4025,0.11463
14.4426,0.11177
14.4830,0.10894
14.5236,0.10756
14.5644,0.10543
14.6054,0.10308
14.6466,0.10317
14.6881,0.10317
14.7299,0.09937
14.7718,0.09343
14.8140,0.08806
14.8565,0.08504
14.8992,0.08352
14.9421,0.08055
14.9853,0.07774
15.0287,0.07771
15.0724,0.07911
15.1164,0.08100
15.1606,0.08366
15.2050,0.08673
15.2497,0.08960
15.2947,0.09217
15.3400,0.09450
15.3855,0.09689
15.4313,0.09862
15.4773,0.09869
15.5237,0.09835
15.5703,0.09972
15.6172,0.10212
15.6644,0.10330
15.7118,0.10327
15.7596,0.10220
15.8077,0.09893
15.8560,0.09361
15.9046,0.08942
15.9536,0.08991
16.0028,0.09293
16.0524,0.09401
16.1022,0.09516
16.1524,0.09964
16.2028,0.10350
16.2536,0.10211
16.3047,0.09738
16.3562,0.09224
16.4079,0.08850
16.4600,0.08635
16.5125,0.08544
16.5652,0.08797
16.6183,0.09063
16.6717,0.08751
16.7255,0.08258
16.7796,0.08199
16.8341,0.08436
16.8890,0.08363
16.9441,0.07829
16.9997,0.07433
17.0556,0.07543
17.1119,0.08058
17.1686,0.08490
17.2256,0.08384
17.2830,0.08203
17.3408,0.08487
17.3990,0.08654
17.4576,0.08780
17.5166,0.09504
17.5760,0.10348
17.6357,0.10323
17.6959,0.09181
17.7565,0.07732
17.8176,0.07176
17.8790,0.07391
17.9409,0.07369
18.0032,0.07092
18.0659,0.07379
18.1291,0.08249
18.1927,0.08916
18.2567,0.09141
18.3212,0.09079
18.3862,0.08494
18.4516,0.07448
18.5175,0.07118
18.5839,0.07165
18.6508,0.07505
18.7181,0.09067
18.7859,0.10937
18.8542,0.11809
18.9230,0.10612
18.9923,0.09452
19.0622,0.09349
19.1325,0.08991
19.2034,0.08200
19.2748,0.07990
19.3467,0.08511
19.4191,0.13682
19.4921,0.19593
19.5657,0.17249
19.6398,0.17833
19.7145,0.19705
19.7897,0.27318
19.8656,0.30217
19.9420,0.22430
20.0190,0.33976
