   461
    300.0   0.09257  0.10E+04
    305.0   0.09634  0.10E+04
    310.0   0.10268  0.10E+04
    315.0   0.10925  0.10E+04
    320.0   0.11695  0.10E+04
    325.0   0.12476  0.10E+04
    330.0   0.13289  0.10E+04
    335.0   0.14064  0.10E+04
    340.0   0.14797  0.10E+04
    345.0   0.15403  0.10E+04
    350.0   0.15832  0.10E+04
    355.0   0.16232  0.10E+04
    360.0   0.16542  0.10E+04
    365.0   0.16804  0.10E+04
    370.0   0.17162  0.10E+04
    375.0   0.17550  0.10E+04
    380.0   0.17975  0.10E+04
    385.0   0.18443  0.10E+04
    390.0   0.18836  0.10E+04
    395.0   0.19230  0.10E+04
    400.0   0.19665  0.10E+04
    405.0   0.19981  0.10E+04
    410.0   0.20253  0.10E+04
    415.0   0.20528  0.10E+04
    420.0   0.20804  0.10E+04
    425.0   0.21049  0.10E+04
    430.0   0.21252  0.10E+04
    435.0   0.21549  0.10E+04
    440.0   0.21772  0.10E+04
    445.0   0.22049  0.10E+04
    450.0   0.22357  0.10E+04
    455.0   0.22662  0.10E+04
    460.0   0.22910  0.10E+04
    465.0   0.23150  0.10E+04
    470.0   0.23288  0.10E+04
    475.0   0.23519  0.10E+04
    480.0   0.23704  0.10E+04
    485.0   0.23889  0.10E+04
    490.0   0.24141  0.10E+04
    495.0   0.24404  0.10E+04
    500.0   0.24760  0.10E+04
    505.0   0.25040  0.10E+04
    510.0   0.25326  0.10E+04
    515.0   0.25632  0.10E+04
    520.0   0.25994  0.10E+04
    525.0   0.26346  0.10E+04
    530.0   0.26701  0.10E+04
    535.0   0.27017  0.10E+04
    540.0   0.27335  0.10E+04
    545.0   0.27702  0.10E+04
    550.0   0.28007  0.10E+04
    555.0   0.28326  0.10E+04
    560.0   0.28640  0.10E+04
    565.0   0.28996  0.10E+04
    570.0   0.29286  0.10E+04
    575.0   0.29577  0.10E+04
    580.0   0.29844  0.10E+04
    585.0   0.30068  0.10E+04
    590.0   0.30278  0.10E+04
    595.0   0.30494  0.10E+04
    600.0   0.30615  0.10E+04
    605.0   0.30760  0.10E+04
    610.0   0.30923  0.10E+04
    615.0   0.30993  0.10E+04
    620.0   0.31091  0.10E+04
    625.0   0.31152  0.10E+04
    630.0   0.31213  0.10E+04
    635.0   0.31308  0.10E+04
    640.0   0.31410  0.10E+04
    645.0   0.31467  0.10E+04
    650.0   0.31489  0.10E+04
    655.0   0.31602  0.10E+04
    660.0   0.31643  0.10E+04
    665.0   0.31713  0.10E+04
    670.0   0.31712  0.10E+04
    675.0   0.31801  0.10E+04
    680.0   0.31883  0.10E+04
    685.0   0.31895  0.10E+04
    690.0   0.31933  0.10E+04
    695.0   0.31978  0.10E+04
    700.0   0.31975  0.10E+04
    705.0   0.32055  0.10E+04
    710.0   0.32065  0.10E+04
    715.0   0.32088  0.10E+04
    720.0   0.32125  0.10E+04
    725.0   0.32149  0.10E+04
    730.0   0.32209  0.10E+04
    735.0   0.32232  0.10E+04
    740.0   0.32216  0.10E+04
    745.0   0.32247  0.10E+04
    750.0   0.32244  0.10E+04
    755.0   0.32189  0.10E+04
    760.0   0.32230  0.10E+04
    765.0   0.32279  0.10E+04
    770.0   0.32282  0.10E+04
    775.0   0.32314  0.10E+04
    780.0   0.32372  0.10E+04
    785.0   0.32388  0.10E+04
    790.0   0.32421  0.10E+04
    795.0   0.32472  0.10E+04
    800.0   0.32453  0.10E+04
    805.0   0.32415  0.10E+04
    810.0   0.32490  0.10E+04
    815.0   0.32497  0.10E+04
    820.0   0.32482  0.10E+04
    825.0   0.32438  0.10E+04
    830.0   0.32445  0.10E+04
    835.0   0.32434  0.10E+04
    840.0   0.32433  0.10E+04
    845.0   0.32425  0.10E+04
    850.0   0.32395  0.10E+04
    855.0   0.32376  0.10E+04
    860.0   0.32335  0.10E+04
    865.0   0.32302  0.10E+04
    870.0   0.32256  0.10E+04
    875.0   0.32215  0.10E+04
    880.0   0.32179  0.10E+04
    885.0   0.32127  0.10E+04
    890.0   0.32081  0.10E+04
    895.0   0.32007  0.10E+04
    900.0   0.31948  0.10E+04
    905.0   0.31853  0.10E+04
    910.0   0.31815  0.10E+04
    915.0   0.31791  0.10E+04
    920.0   0.31773  0.10E+04
    925.0   0.31633  0.10E+04
    930.0   0.31536  0.10E+04
    935.0   0.31498  0.10E+04
    940.0   0.31473  0.10E+04
    945.0   0.31406  0.10E+04
    950.0   0.31297  0.10E+04
    955.0   0.31219  0.10E+04
    960.0   0.31144  0.10E+04
    965.0   0.31107  0.10E+04
    970.0   0.30993  0.10E+04
    975.0   0.30958  0.10E+04
    980.0   0.30972  0.10E+04
    985.0   0.30944  0.10E+04
    990.0   0.30949  0.10E+04
    995.0   0.30800  0.10E+04
   1000.0   0.30720  0.10E+04
   1005.0   0.30747  0.10E+04
   1010.0   0.30697  0.10E+04
   1015.0   0.30695  0.10E+04
   1020.0   0.30640  0.10E+04
   1025.0   0.30649  0.10E+04
   1030.0   0.30631  0.10E+04
   1035.0   0.30554  0.10E+04
   1040.0   0.30583  0.10E+04
   1045.0   0.30572  0.10E+04
   1050.0   0.30631  0.10E+04
   1055.0   0.30623  0.10E+04
   1060.0   0.30610  0.10E+04
   1065.0   0.30705  0.10E+04
   1070.0   0.30659  0.10E+04
   1075.0   0.30761  0.10E+04
   1080.0   0.30733  0.10E+04
   1085.0   0.30819  0.10E+04
   1090.0   0.30833  0.10E+04
   1095.0   0.30876  0.10E+04
   1100.0   0.30950  0.10E+04
   1105.0   0.30941  0.10E+04
   1110.0   0.30998  0.10E+04
   1115.0   0.31084  0.10E+04
   1120.0   0.31054  0.10E+04
   1125.0   0.31152  0.10E+04
   1130.0   0.31112  0.10E+04
   1135.0   0.31245  0.10E+04
   1140.0   0.31264  0.10E+04
   1145.0   0.31255  0.10E+04
   1150.0   0.31234  0.10E+04
   1155.0   0.31313  0.10E+04
   1160.0   0.31313  0.10E+04
   1165.0   0.31360  0.10E+04
   1170.0   0.31342  0.10E+04
   1175.0   0.31382  0.10E+04
   1180.0   0.31399  0.10E+04
   1185.0   0.31457  0.10E+04
   1190.0   0.31497  0.10E+04
   1195.0   0.31514  0.10E+04
   1200.0   0.31514  0.10E+04
   1205.0   0.31513  0.10E+04
   1210.0   0.31592  0.10E+04
   1215.0   0.31574  0.10E+04
   1220.0   0.31663  0.10E+04
   1225.0   0.31614  0.10E+04
   1230.0   0.31646  0.10E+04
   1235.0   0.31709  0.10E+04
   1240.0   0.31733  0.10E+04
   1245.0   0.31739  0.10E+04
   1250.0   0.31808  0.10E+04
   1255.0   0.31862  0.10E+04
   1260.0   0.31852  0.10E+04
   1265.0   0.31875  0.10E+04
   1270.0   0.31909  0.10E+04
   1275.0   0.31953  0.10E+04
   1280.0   0.31980  0.10E+04
   1285.0   0.32028  0.10E+04
   1290.0   0.32050  0.10E+04
   1295.0   0.32029  0.10E+04
   1300.0   0.32140  0.10E+04
   1305.0   0.32162  0.10E+04
   1310.0   0.32166  0.10E+04
   1315.0   0.32188  0.10E+04
   1320.0   0.32232  0.10E+04
   1325.0   0.32245  0.10E+04
   1330.0   0.32209  0.10E+04
   1335.0   0.32279  0.10E+04
   1340.0   0.32300  0.10E+04
   1345.0   0.32251  0.10E+04
   1350.0   0.32231  0.10E+04
   1355.0   0.32213  0.10E+04
   1360.0   0.32156  0.10E+04
   1365.0   0.32213  0.10E+04
   1370.0   0.32186  0.10E+04
   1375.0   0.32070  0.10E+04
   1380.0   0.31932  0.10E+04
   1385.0   0.31821  0.10E+04
   1390.0   0.31611  0.10E+04
   1395.0   0.31137  0.10E+04
   1400.0   0.30696  0.10E+04
   1405.0   0.30174  0.10E+04
   1410.0   0.29839  0.10E+04
   1415.0   0.29568  0.10E+04
   1420.0   0.29676  0.10E+04
   1425.0   0.30089  0.10E+04
   1430.0   0.30438  0.10E+04
   1435.0   0.30842  0.10E+04
   1440.0   0.31091  0.10E+04
   1445.0   0.31340  0.10E+04
   1450.0   0.31522  0.10E+04
   1455.0   0.31524  0.10E+04
   1460.0   0.31631  0.10E+04
   1465.0   0.31654  0.10E+04
   1470.0   0.31792  0.10E+04
   1475.0   0.31911  0.10E+04
   1480.0   0.32114  0.10E+04
   1485.0   0.32285  0.10E+04
   1490.0   0.32388  0.10E+04
   1495.0   0.32498  0.10E+04
   1500.0   0.32592  0.10E+04
   1505.0   0.32666  0.10E+04
   1510.0   0.32754  0.10E+04
   1515.0   0.32820  0.10E+04
   1520.0   0.32942  0.10E+04
   1525.0   0.33017  0.10E+04
   1530.0   0.33036  0.10E+04
   1535.0   0.33182  0.10E+04
   1540.0   0.33198  0.10E+04
   1545.0   0.33273  0.10E+04
   1550.0   0.33363  0.10E+04
   1555.0   0.33391  0.10E+04
   1560.0   0.33442  0.10E+04
   1565.0   0.33481  0.10E+04
   1570.0   0.33520  0.10E+04
   1575.0   0.33556  0.10E+04
   1580.0   0.33612  0.10E+04
   1585.0   0.33690  0.10E+04
   1590.0   0.33716  0.10E+04
   1595.0   0.33737  0.10E+04
   1600.0   0.33806  0.10E+04
   1605.0   0.33841  0.10E+04
   1610.0   0.33877  0.10E+04
   1615.0   0.33975  0.10E+04
   1620.0   0.33957  0.10E+04
   1625.0   0.34008  0.10E+04
   1630.0   0.34019  0.10E+04
   1635.0   0.34048  0.10E+04
   1640.0   0.34059  0.10E+04
   1645.0   0.34068  0.10E+04
   1650.0   0.34079  0.10E+04
   1655.0   0.34165  0.10E+04
   1660.0   0.34191  0.10E+04
   1665.0   0.34210  0.10E+04
   1670.0   0.34230  0.10E+04
   1675.0   0.34265  0.10E+04
   1680.0   0.34285  0.10E+04
   1685.0   0.34351  0.10E+04
   1690.0   0.34348  0.10E+04
   1695.0   0.34360  0.10E+04
   1700.0   0.34375  0.10E+04
   1705.0   0.34417  0.10E+04
   1710.0   0.34456  0.10E+04
   1715.0   0.34462  0.10E+04
   1720.0   0.34463  0.10E+04
   1725.0   0.34493  0.10E+04
   1730.0   0.34463  0.10E+04
   1735.0   0.34445  0.10E+04
   1740.0   0.34456  0.10E+04
   1745.0   0.34440  0.10E+04
   1750.0   0.34452  0.10E+04
   1755.0   0.34470  0.10E+04
   1760.0   0.34472  0.10E+04
   1765.0   0.34422  0.10E+04
   1770.0   0.34463  0.10E+04
   1775.0   0.34447  0.10E+04
   1780.0   0.34447  0.10E+04
   1785.0   0.34424  0.10E+04
   1790.0   0.34452  0.10E+04
   1795.0   0.34420  0.10E+04
   1800.0   0.34461  0.10E+04
   1805.0   0.34480  0.10E+04
   1810.0   0.34416  0.10E+04
   1815.0   0.34444  0.10E+04
   1820.0   0.34424  0.10E+04
   1825.0   0.34509  0.10E+04
   1830.0   0.34493  0.10E+04
   1835.0   0.34460  0.10E+04
   1840.0   0.34494  0.10E+04
   1845.0   0.34429  0.10E+04
   1850.0   0.34403  0.10E+04
   1855.0   0.34306  0.10E+04
   1860.0   0.34192  0.10E+04
   1865.0   0.33923  0.10E+04
   1870.0   0.33654  0.10E+04
   1875.0   0.33300  0.10E+04
   1880.0   0.32599  0.10E+04
   1885.0   0.31501  0.10E+04
   1890.0   0.29958  0.10E+04
   1895.0   0.27863  0.10E+04
   1900.0   0.25714  0.10E+04
   1905.0   0.24259  0.10E+04
   1910.0   0.23855  0.10E+04
   1915.0   0.24286  0.10E+04
   1920.0   0.25043  0.10E+04
   1925.0   0.25959  0.10E+04
   1930.0   0.26562  0.10E+04
   1935.0   0.27180  0.10E+04
   1940.0   0.27771  0.10E+04
   1945.0   0.28115  0.10E+04
   1950.0   0.28342  0.10E+04
   1955.0   0.28602  0.10E+04
   1960.0   0.28824  0.10E+04
   1965.0   0.29104  0.10E+04
   1970.0   0.29329  0.10E+04
   1975.0   0.29563  0.10E+04
   1980.0   0.29849  0.10E+04
   1985.0   0.30110  0.10E+04
   1990.0   0.30392  0.10E+04
   1995.0   0.30642  0.10E+04
   2000.0   0.30921  0.10E+04
   2005.0   0.31237  0.10E+04
   2010.0   0.31508  0.10E+04
   2015.0   0.31754  0.10E+04
   2020.0   0.31954  0.10E+04
   2025.0   0.32129  0.10E+04
   2030.0   0.32274  0.10E+04
   2035.0   0.32428  0.10E+04
   2040.0   0.32505  0.10E+04
   2045.0   0.32582  0.10E+04
   2050.0   0.32717  0.10E+04
   2055.0   0.32861  0.10E+04
   2060.0   0.32848  0.10E+04
   2065.0   0.32966  0.10E+04
   2070.0   0.32995  0.10E+04
   2075.0   0.33062  0.10E+04
   2080.0   0.33056  0.10E+04
   2085.0   0.33095  0.10E+04
   2090.0   0.33095  0.10E+04
   2095.0   0.33091  0.10E+04
   2100.0   0.33157  0.10E+04
   2105.0   0.33165  0.10E+04
   2110.0   0.33177  0.10E+04
   2115.0   0.33259  0.10E+04
   2120.0   0.33269  0.10E+04
   2125.0   0.33300  0.10E+04
   2130.0   0.33305  0.10E+04
   2135.0   0.33317  0.10E+04
   2140.0   0.33248  0.10E+04
   2145.0   0.33279  0.10E+04
   2150.0   0.33247  0.10E+04
   2155.0   0.33277  0.10E+04
   2160.0   0.33231  0.10E+04
   2165.0   0.33103  0.10E+04
   2170.0   0.33148  0.10E+04
   2175.0   0.33027  0.10E+04
   2180.0   0.32876  0.10E+04
   2185.0   0.32673  0.10E+04
   2190.0   0.32498  0.10E+04
   2195.0   0.32187  0.10E+04
   2200.0   0.31675  0.10E+04
   2205.0   0.31151  0.10E+04
   2210.0   0.30657  0.10E+04
   2215.0   0.30555  0.10E+04
   2220.0   0.30653  0.10E+04
   2225.0   0.30749  0.10E+04
   2230.0   0.30776  0.10E+04
   2235.0   0.30873  0.10E+04
   2240.0   0.30986  0.10E+04
   2245.0   0.31094  0.10E+04
   2250.0   0.31256  0.10E+04
   2255.0   0.31469  0.10E+04
   2260.0   0.31618  0.10E+04
   2265.0   0.31705  0.10E+04
   2270.0   0.31753  0.10E+04
   2275.0   0.31718  0.10E+04
   2280.0   0.31619  0.10E+04
   2285.0   0.31497  0.10E+04
   2290.0   0.31317  0.10E+04
   2295.0   0.31118  0.10E+04
   2300.0   0.30881  0.10E+04
   2305.0   0.30672  0.10E+04
   2310.0   0.30455  0.10E+04
   2315.0   0.30282  0.10E+04
   2320.0   0.30144  0.10E+04
   2325.0   0.29974  0.10E+04
   2330.0   0.29894  0.10E+04
   2335.0   0.29783  0.10E+04
   2340.0   0.29700  0.10E+04
   2345.0   0.29543  0.10E+04
   2350.0   0.29388  0.10E+04
   2355.0   0.29235  0.10E+04
   2360.0   0.29018  0.10E+04
   2365.0   0.28795  0.10E+04
   2370.0   0.28573  0.10E+04
   2375.0   0.28357  0.10E+04
   2380.0   0.28114  0.10E+04
   2385.0   0.28000  0.10E+04
   2390.0   0.27775  0.10E+04
   2395.0   0.27689  0.10E+04
   2400.0   0.27493  0.10E+04
   2405.0   0.27334  0.10E+04
   2410.0   0.27186  0.10E+04
   2415.0   0.26980  0.10E+04
   2420.0   0.26780  0.10E+04
   2425.0   0.26620  0.10E+04
   2430.0   0.26348  0.10E+04
   2435.0   0.26113  0.10E+04
   2440.0   0.25895  0.10E+04
   2445.0   0.25672  0.10E+04
   2450.0   0.25515  0.10E+04
   2455.0   0.25309  0.10E+04
   2460.0   0.25179  0.10E+04
   2465.0   0.25015  0.10E+04
   2470.0   0.24863  0.10E+04
   2475.0   0.24728  0.10E+04
   2480.0   0.24616  0.10E+04
   2485.0   0.24426  0.10E+04
   2490.0   0.24183  0.10E+04
   2495.0   0.24115  0.10E+04
   2500.0   0.23847  0.10E+04
   2505.0   0.23719  0.10E+04
   2510.0   0.23495  0.10E+04
   2515.0   0.23377  0.10E+04
   2520.0   0.23241  0.10E+04
   2525.0   0.23157  0.10E+04
   2530.0   0.23058  0.10E+04
   2535.0   0.22992  0.10E+04
   2540.0   0.22937  0.10E+04
   2545.0   0.22908  0.10E+04
   2550.0   0.22809  0.10E+04
   2555.0   0.22784  0.10E+04
   2560.0   0.22734  0.10E+04
   2565.0   0.22711  0.10E+04
   2570.0   0.22640  0.10E+04
   2575.0   0.22645  0.10E+04
   2580.0   0.22581  0.10E+04
   2585.0   0.22592  0.10E+04
   2590.0   0.22490  0.10E+04
   2595.0   0.22450  0.10E+04
   2600.0   0.22416  0.10E+04



 C1BU30              .ASC                        

 BU-WHF-030                                                              
 NPM-011A <400 um                                                        
 Bumpcor4                                                                

 Source Ang: 30.00   Detect Ang:  0.00  Volt: 0.777
 Date: 13-JAN-14   Time: 13:00:09
